order_id,customers,city,state,order_date,total_units,revenue,product_name,category_name,store_name,sales_rep
1,"Johnathan Velazquez",Pleasanton,CA,2016-01-01,1,599.99,"Electra Townie Original 7D EQ - Women's - 2016","Cruisers Bicycles","Santa Cruz Bikes","Mireya Copeland"
1,"Johnathan Velazquez",Pleasanton,CA,2016-01-01,2,3599.98,"Trek Remedy 29 Carbon Frameset - 2016","Mountain Bikes","Santa Cruz Bikes","Mireya Copeland"
1,"Johnathan Velazquez",Pleasanton,CA,2016-01-01,2,3098.00,"Surly Straggler - 2016","Cyclocross Bicycles","Santa Cruz Bikes","Mireya Copeland"
1,"Johnathan Velazquez",Pleasanton,CA,2016-01-01,2,1199.98,"Electra Townie Original 7D EQ - 2016","Cruisers Bicycles","Santa Cruz Bikes","Mireya Copeland"
1,"Johnathan Velazquez",Pleasanton,CA,2016-01-01,1,2899.99,"Trek Fuel EX 8 29 - 2016","Mountain Bikes","Santa Cruz Bikes","Mireya Copeland"
4,"Nova Hess",Duarte,CA,2016-01-03,2,1499.98,"Ritchey Timberwolf Frameset - 2016","Mountain Bikes","Santa Cruz Bikes","Genna Serrano"
9,"Neil Mccall","San Carlos",CA,2016-01-05,2,7999.98,"Trek Slash 8 27.5 - 2016","Mountain Bikes","Santa Cruz Bikes","Mireya Copeland"
12,"Marvin Mullins","San Diego",CA,2016-01-06,2,5799.98,"Trek Fuel EX 8 29 - 2016","Mountain Bikes","Santa Cruz Bikes","Mireya Copeland"
12,"Marvin Mullins","San Diego",CA,2016-01-06,1,1680.99,"Surly Straggler 650b - 2016","Cyclocross Bicycles","Santa Cruz Bikes","Mireya Copeland"
14,"Maribel William",Torrance,CA,2016-01-09,1,469.99,"Surly Ice Cream Truck Frameset - 2016","Mountain Bikes","Santa Cruz Bikes","Genna Serrano"
16,"Lea Key",Banning,CA,2016-01-12,1,1799.99,"Trek Remedy 29 Carbon Frameset - 2016","Mountain Bikes","Santa Cruz Bikes","Genna Serrano"
16,"Lea Key",Banning,CA,2016-01-12,1,269.99,"Electra Cruiser 1 (24-Inch) - 2016","Children Bicycles","Santa Cruz Bikes","Genna Serrano"
16,"Lea Key",Banning,CA,2016-01-12,2,539.98,"Electra Cruiser 1 (24-Inch) - 2016","Cruisers Bicycles","Santa Cruz Bikes","Genna Serrano"
16,"Lea Key",Banning,CA,2016-01-12,1,269.99,"Electra Girl's Hawaii 1 (16-inch) - 2015/2016","Cruisers Bicycles","Santa Cruz Bikes","Genna Serrano"
17,"Sindy Anderson",Pomona,CA,2016-01-12,1,1799.99,"Trek Remedy 29 Carbon Frameset - 2016","Mountain Bikes","Santa Cruz Bikes","Genna Serrano"
17,"Sindy Anderson",Pomona,CA,2016-01-12,1,299.99,"Electra Girl's Hawaii 1 (20-inch) - 2015/2016","Children Bicycles","Santa Cruz Bikes","Genna Serrano"
17,"Sindy Anderson",Pomona,CA,2016-01-12,1,1320.99,"Heller Shagamaw Frame - 2016","Mountain Bikes","Santa Cruz Bikes","Genna Serrano"
17,"Sindy Anderson",Pomona,CA,2016-01-12,2,1199.98,"Electra Townie Original 7D EQ - Women's - 2016","Cruisers Bicycles","Santa Cruz Bikes","Genna Serrano"
18,"Lanita Burton",Coachella,CA,2016-01-14,2,1499.98,"Ritchey Timberwolf Frameset - 2016","Mountain Bikes","Santa Cruz Bikes","Genna Serrano"
18,"Lanita Burton",Coachella,CA,2016-01-14,1,269.99,"Electra Girl's Hawaii 1 (16-inch) - 2015/2016","Children Bicycles","Santa Cruz Bikes","Genna Serrano"
18,"Lanita Burton",Coachella,CA,2016-01-14,1,3999.99,"Trek Slash 8 27.5 - 2016","Mountain Bikes","Santa Cruz Bikes","Genna Serrano"
18,"Lanita Burton",Coachella,CA,2016-01-14,2,999.98,"Electra Townie Original 7D - 2015/2016","Comfort Bicycles","Santa Cruz Bikes","Genna Serrano"
18,"Lanita Burton",Coachella,CA,2016-01-14,2,5999.98,"Trek Conduit+ - 2016","Electric Bikes","Santa Cruz Bikes","Genna Serrano"
19,"Norine Huffman",Encino,CA,2016-01-14,1,1549.00,"Surly Straggler - 2016","Cyclocross Bicycles","Santa Cruz Bikes","Mireya Copeland"
19,"Norine Huffman",Encino,CA,2016-01-14,2,5999.98,"Trek Conduit+ - 2016","Electric Bikes","Santa Cruz Bikes","Mireya Copeland"
20,"Randee Pitts","Canyon Country",CA,2016-01-14,1,2999.99,"Trek Conduit+ - 2016","Electric Bikes","Santa Cruz Bikes","Mireya Copeland"
20,"Randee Pitts","Canyon Country",CA,2016-01-14,2,3098.00,"Surly Straggler - 2016","Cyclocross Bicycles","Santa Cruz Bikes","Mireya Copeland"
22,"Tangela Hurley",Campbell,CA,2016-01-16,2,1059.98,"Electra Moto 1 - 2016","Cruisers Bicycles","Santa Cruz Bikes","Mireya Copeland"
22,"Tangela Hurley",Campbell,CA,2016-01-16,1,269.99,"Electra Girl's Hawaii 1 (16-inch) - 2015/2016","Children Bicycles","Santa Cruz Bikes","Mireya Copeland"
23,"Drucilla Gilliam","Santa Clara",CA,2016-01-16,2,5799.98,"Trek Fuel EX 8 29 - 2016","Mountain Bikes","Santa Cruz Bikes","Mireya Copeland"
23,"Drucilla Gilliam","Santa Clara",CA,2016-01-16,2,599.98,"Electra Girl's Hawaii 1 (20-inch) - 2015/2016","Children Bicycles","Santa Cruz Bikes","Mireya Copeland"
23,"Drucilla Gilliam","Santa Clara",CA,2016-01-16,1,269.99,"Electra Cruiser 1 (24-Inch) - 2016","Cruisers Bicycles","Santa Cruz Bikes","Mireya Copeland"
32,"Kimbery Nieves","San Carlos",CA,2016-01-21,2,3599.98,"Trek Remedy 29 Carbon Frameset - 2016","Mountain Bikes","Santa Cruz Bikes","Genna Serrano"
32,"Kimbery Nieves","San Carlos",CA,2016-01-21,2,1099.98,"Electra Townie Original 21D - 2016","Cruisers Bicycles","Santa Cruz Bikes","Genna Serrano"
32,"Kimbery Nieves","San Carlos",CA,2016-01-21,2,999.98,"Electra Townie Original 7D - 2015/2016","Comfort Bicycles","Santa Cruz Bikes","Genna Serrano"
40,"Darren Witt",Coachella,CA,2016-01-27,1,429.00,"Pure Cycles Vine 8-Speed - 2016","Cruisers Bicycles","Santa Cruz Bikes","Genna Serrano"
40,"Darren Witt",Coachella,CA,2016-01-27,2,3599.98,"Trek Remedy 29 Carbon Frameset - 2016","Mountain Bikes","Santa Cruz Bikes","Genna Serrano"
52,"Twana Arnold",Anaheim,CA,2016-02-03,1,499.99,"Electra Townie Original 7D - 2015/2016","Comfort Bicycles","Santa Cruz Bikes","Mireya Copeland"
60,"Joesph Delacruz",Atwater,CA,2016-02-06,2,539.98,"Electra Girl's Hawaii 1 (16-inch) - 2015/2016","Cruisers Bicycles","Santa Cruz Bikes","Genna Serrano"
60,"Joesph Delacruz",Atwater,CA,2016-02-06,1,2899.99,"Trek Fuel EX 8 29 - 2016","Mountain Bikes","Santa Cruz Bikes","Genna Serrano"
60,"Joesph Delacruz",Atwater,CA,2016-02-06,1,529.99,"Electra Moto 1 - 2016","Cruisers Bicycles","Santa Cruz Bikes","Genna Serrano"
60,"Joesph Delacruz",Atwater,CA,2016-02-06,1,269.99,"Electra Girl's Hawaii 1 (16-inch) - 2015/2016","Children Bicycles","Santa Cruz Bikes","Genna Serrano"
62,"Denis Logan",Ridgecrest,CA,2016-02-07,1,269.99,"Electra Girl's Hawaii 1 (16-inch) - 2015/2016","Cruisers Bicycles","Santa Cruz Bikes","Mireya Copeland"
62,"Denis Logan",Ridgecrest,CA,2016-02-07,2,3599.98,"Trek Remedy 29 Carbon Frameset - 2016","Mountain Bikes","Santa Cruz Bikes","Mireya Copeland"
62,"Denis Logan",Ridgecrest,CA,2016-02-07,2,539.98,"Electra Girl's Hawaii 1 (16-inch) - 2015/2016","Children Bicycles","Santa Cruz Bikes","Mireya Copeland"
72,"Cesar Wilkins","San Diego",CA,2016-02-12,2,858.00,"Pure Cycles Vine 8-Speed - 2016","Cruisers Bicycles","Santa Cruz Bikes","Mireya Copeland"
72,"Cesar Wilkins","San Diego",CA,2016-02-12,1,549.99,"Electra Townie Original 21D - 2016","Cruisers Bicycles","Santa Cruz Bikes","Mireya Copeland"
72,"Cesar Wilkins","San Diego",CA,2016-02-12,2,539.98,"Electra Cruiser 1 (24-Inch) - 2016","Cruisers Bicycles","Santa Cruz Bikes","Mireya Copeland"
77,"Rochelle Ward",Glendora,CA,2016-02-16,1,599.99,"Electra Townie Original 7D EQ - Women's - 2016","Cruisers Bicycles","Santa Cruz Bikes","Mireya Copeland"
77,"Rochelle Ward",Glendora,CA,2016-02-16,2,1099.98,"Electra Townie Original 21D - 2016","Comfort Bicycles","Santa Cruz Bikes","Mireya Copeland"
77,"Rochelle Ward",Glendora,CA,2016-02-16,1,599.99,"Electra Townie Original 7D EQ - 2016","Comfort Bicycles","Santa Cruz Bikes","Mireya Copeland"
77,"Rochelle Ward",Glendora,CA,2016-02-16,1,499.99,"Electra Townie Original 7D - 2015/2016","Comfort Bicycles","Santa Cruz Bikes","Mireya Copeland"
79,"Ellena Clements","Santa Monica",CA,2016-02-17,2,5999.98,"Trek Conduit+ - 2016","Electric Bikes","Santa Cruz Bikes","Genna Serrano"
79,"Ellena Clements","Santa Monica",CA,2016-02-17,2,858.00,"Pure Cycles Vine 8-Speed - 2016","Cruisers Bicycles","Santa Cruz Bikes","Genna Serrano"
79,"Ellena Clements","Santa Monica",CA,2016-02-17,1,469.99,"Surly Ice Cream Truck Frameset - 2016","Mountain Bikes","Santa Cruz Bikes","Genna Serrano"
79,"Ellena Clements","Santa Monica",CA,2016-02-17,2,999.98,"Electra Townie Original 7D - 2015/2016","Comfort Bicycles","Santa Cruz Bikes","Genna Serrano"
83,"Gertrude Terry",Upland,CA,2016-02-19,1,599.99,"Electra Townie Original 7D EQ - Women's - 2016","Cruisers Bicycles","Santa Cruz Bikes","Genna Serrano"
83,"Gertrude Terry",Upland,CA,2016-02-19,2,1999.98,"Surly Wednesday Frameset - 2016","Mountain Bikes","Santa Cruz Bikes","Genna Serrano"
91,"Catrice Hicks","San Pablo",CA,2016-02-25,1,1680.99,"Surly Straggler 650b - 2016","Cyclocross Bicycles","Santa Cruz Bikes","Mireya Copeland"
91,"Catrice Hicks","San Pablo",CA,2016-02-25,1,499.99,"Electra Townie Original 7D - 2015/2016","Comfort Bicycles","Santa Cruz Bikes","Mireya Copeland"
91,"Catrice Hicks","San Pablo",CA,2016-02-25,2,1059.98,"Electra Moto 1 - 2016","Cruisers Bicycles","Santa Cruz Bikes","Mireya Copeland"
91,"Catrice Hicks","San Pablo",CA,2016-02-25,2,539.98,"Electra Cruiser 1 (24-Inch) - 2016","Cruisers Bicycles","Santa Cruz Bikes","Mireya Copeland"
93,"Cindie Franklin",Lawndale,CA,2016-02-26,2,539.98,"Electra Girl's Hawaii 1 (16-inch) - 2015/2016","Children Bicycles","Santa Cruz Bikes","Genna Serrano"
93,"Cindie Franklin",Lawndale,CA,2016-02-26,1,429.00,"Pure Cycles Vine 8-Speed - 2016","Cruisers Bicycles","Santa Cruz Bikes","Genna Serrano"
93,"Cindie Franklin",Lawndale,CA,2016-02-26,1,269.99,"Electra Cruiser 1 (24-Inch) - 2016","Children Bicycles","Santa Cruz Bikes","Genna Serrano"
93,"Cindie Franklin",Lawndale,CA,2016-02-26,1,749.99,"Ritchey Timberwolf Frameset - 2016","Mountain Bikes","Santa Cruz Bikes","Genna Serrano"
93,"Cindie Franklin",Lawndale,CA,2016-02-26,2,3098.00,"Surly Straggler - 2016","Cyclocross Bicycles","Santa Cruz Bikes","Genna Serrano"
94,"Thurman Ellis",Pleasanton,CA,2016-02-27,1,549.99,"Electra Townie Original 21D - 2016","Cruisers Bicycles","Santa Cruz Bikes","Mireya Copeland"
94,"Thurman Ellis",Pleasanton,CA,2016-02-27,1,2899.99,"Trek Fuel EX 8 29 - 2016","Mountain Bikes","Santa Cruz Bikes","Mireya Copeland"
94,"Thurman Ellis",Pleasanton,CA,2016-02-27,1,1680.99,"Surly Straggler 650b - 2016","Cyclocross Bicycles","Santa Cruz Bikes","Mireya Copeland"
94,"Thurman Ellis",Pleasanton,CA,2016-02-27,2,539.98,"Electra Cruiser 1 (24-Inch) - 2016","Children Bicycles","Santa Cruz Bikes","Mireya Copeland"
103,"Brigida Larson","Canyon Country",CA,2016-03-03,1,429.00,"Pure Cycles Vine 8-Speed - 2016","Cruisers Bicycles","Santa Cruz Bikes","Mireya Copeland"
103,"Brigida Larson","Canyon Country",CA,2016-03-03,1,999.99,"Surly Wednesday Frameset - 2016","Mountain Bikes","Santa Cruz Bikes","Mireya Copeland"
103,"Brigida Larson","Canyon Country",CA,2016-03-03,1,449.00,"Pure Cycles Western 3-Speed - Women's - 2015/2016","Cruisers Bicycles","Santa Cruz Bikes","Mireya Copeland"
103,"Brigida Larson","Canyon Country",CA,2016-03-03,2,1059.98,"Electra Moto 1 - 2016","Cruisers Bicycles","Santa Cruz Bikes","Mireya Copeland"
103,"Brigida Larson","Canyon Country",CA,2016-03-03,2,5999.98,"Trek Conduit+ - 2016","Electric Bikes","Santa Cruz Bikes","Mireya Copeland"
107,"Kiara Deleon",Anaheim,CA,2016-03-06,1,449.00,"Pure Cycles William 3-Speed - 2016","Cruisers Bicycles","Santa Cruz Bikes","Mireya Copeland"
107,"Kiara Deleon",Anaheim,CA,2016-03-06,2,539.98,"Electra Cruiser 1 (24-Inch) - 2016","Cruisers Bicycles","Santa Cruz Bikes","Mireya Copeland"
118,"Danille Mcfarland",Rocklin,CA,2016-03-12,1,449.00,"Pure Cycles Western 3-Speed - Women's - 2015/2016","Cruisers Bicycles","Santa Cruz Bikes","Mireya Copeland"
118,"Danille Mcfarland",Rocklin,CA,2016-03-12,1,2899.99,"Trek Fuel EX 8 29 - 2016","Mountain Bikes","Santa Cruz Bikes","Mireya Copeland"
118,"Danille Mcfarland",Rocklin,CA,2016-03-12,1,469.99,"Surly Ice Cream Truck Frameset - 2016","Mountain Bikes","Santa Cruz Bikes","Mireya Copeland"
118,"Danille Mcfarland",Rocklin,CA,2016-03-12,2,1999.98,"Surly Wednesday Frameset - 2016","Mountain Bikes","Santa Cruz Bikes","Mireya Copeland"
118,"Danille Mcfarland",Rocklin,CA,2016-03-12,2,599.98,"Electra Girl's Hawaii 1 (20-inch) - 2015/2016","Children Bicycles","Santa Cruz Bikes","Mireya Copeland"
124,"Elouise Fry","Canyon Country",CA,2016-03-16,1,599.99,"Electra Townie Original 7D EQ - 2016","Cruisers Bicycles","Santa Cruz Bikes","Genna Serrano"
124,"Elouise Fry","Canyon Country",CA,2016-03-16,1,2899.99,"Trek Fuel EX 8 29 - 2016","Mountain Bikes","Santa Cruz Bikes","Genna Serrano"
124,"Elouise Fry","Canyon Country",CA,2016-03-16,2,7999.98,"Trek Slash 8 27.5 - 2016","Mountain Bikes","Santa Cruz Bikes","Genna Serrano"
132,"Monika Berg",Encino,CA,2016-03-20,2,1499.98,"Ritchey Timberwolf Frameset - 2016","Mountain Bikes","Santa Cruz Bikes","Genna Serrano"
132,"Monika Berg",Encino,CA,2016-03-20,1,599.99,"Electra Townie Original 7D EQ - Women's - 2016","Cruisers Bicycles","Santa Cruz Bikes","Genna Serrano"
132,"Monika Berg",Encino,CA,2016-03-20,1,2999.99,"Trek Conduit+ - 2016","Electric Bikes","Santa Cruz Bikes","Genna Serrano"
142,"Regine Gonzales",Oxnard,CA,2016-03-26,2,1199.98,"Electra Townie Original 7D EQ - 2016","Cruisers Bicycles","Santa Cruz Bikes","Genna Serrano"
142,"Regine Gonzales",Oxnard,CA,2016-03-26,2,3361.98,"Surly Straggler 650b - 2016","Cyclocross Bicycles","Santa Cruz Bikes","Genna Serrano"
142,"Regine Gonzales",Oxnard,CA,2016-03-26,1,449.00,"Pure Cycles William 3-Speed - 2016","Cruisers Bicycles","Santa Cruz Bikes","Genna Serrano"
146,"Keturah Massey",Banning,CA,2016-03-28,2,1999.98,"Surly Wednesday Frameset - 2016","Mountain Bikes","Santa Cruz Bikes","Genna Serrano"
146,"Keturah Massey",Banning,CA,2016-03-28,1,549.99,"Electra Townie Original 21D - 2016","Cruisers Bicycles","Santa Cruz Bikes","Genna Serrano"
146,"Keturah Massey",Banning,CA,2016-03-28,2,1199.98,"Electra Townie Original 7D EQ - Women's - 2016","Cruisers Bicycles","Santa Cruz Bikes","Genna Serrano"
146,"Keturah Massey",Banning,CA,2016-03-28,2,939.98,"Surly Ice Cream Truck Frameset - 2016","Mountain Bikes","Santa Cruz Bikes","Genna Serrano"
146,"Keturah Massey",Banning,CA,2016-03-28,1,749.99,"Ritchey Timberwolf Frameset - 2016","Mountain Bikes","Santa Cruz Bikes","Genna Serrano"
150,"Reena Higgins","Canyon Country",CA,2016-03-29,1,3999.99,"Trek Slash 8 27.5 - 2016","Mountain Bikes","Santa Cruz Bikes","Mireya Copeland"
150,"Reena Higgins","Canyon Country",CA,2016-03-29,1,999.99,"Surly Wednesday Frameset - 2016","Mountain Bikes","Santa Cruz Bikes","Mireya Copeland"
150,"Reena Higgins","Canyon Country",CA,2016-03-29,1,429.00,"Pure Cycles Vine 8-Speed - 2016","Cruisers Bicycles","Santa Cruz Bikes","Mireya Copeland"
150,"Reena Higgins","Canyon Country",CA,2016-03-29,2,999.98,"Electra Townie Original 7D - 2015/2016","Comfort Bicycles","Santa Cruz Bikes","Mireya Copeland"
151,"Katina Mcintosh",Bakersfield,CA,2016-03-29,1,429.00,"Pure Cycles Vine 8-Speed - 2016","Cruisers Bicycles","Santa Cruz Bikes","Mireya Copeland"
151,"Katina Mcintosh",Bakersfield,CA,2016-03-29,1,599.99,"Electra Townie Original 7D EQ - 2016","Comfort Bicycles","Santa Cruz Bikes","Mireya Copeland"
154,"Dione Pratt",Pleasanton,CA,2016-03-31,1,549.99,"Electra Townie Original 21D - 2016","Cruisers Bicycles","Santa Cruz Bikes","Mireya Copeland"
156,"Sheri Cole","San Jose",CA,2016-04-03,2,898.00,"Pure Cycles Western 3-Speed - Women's - 2015/2016","Cruisers Bicycles","Santa Cruz Bikes","Genna Serrano"
156,"Sheri Cole","San Jose",CA,2016-04-03,2,858.00,"Pure Cycles Vine 8-Speed - 2016","Cruisers Bicycles","Santa Cruz Bikes","Genna Serrano"
156,"Sheri Cole","San Jose",CA,2016-04-03,1,469.99,"Surly Ice Cream Truck Frameset - 2016","Mountain Bikes","Santa Cruz Bikes","Genna Serrano"
159,"Araceli Golden",Fullerton,CA,2016-04-04,1,269.99,"Electra Cruiser 1 (24-Inch) - 2016","Cruisers Bicycles","Santa Cruz Bikes","Mireya Copeland"
162,"Williemae Holloway",Oakland,CA,2016-04-06,1,449.00,"Pure Cycles Western 3-Speed - Women's - 2015/2016","Cruisers Bicycles","Santa Cruz Bikes","Genna Serrano"
162,"Williemae Holloway",Oakland,CA,2016-04-06,2,539.98,"Electra Cruiser 1 (24-Inch) - 2016","Children Bicycles","Santa Cruz Bikes","Genna Serrano"
162,"Williemae Holloway",Oakland,CA,2016-04-06,2,1999.98,"Surly Wednesday Frameset - 2016","Mountain Bikes","Santa Cruz Bikes","Genna Serrano"
165,"Adriene Rivera",Encino,CA,2016-04-08,2,5799.98,"Trek Fuel EX 8 29 - 2016","Mountain Bikes","Santa Cruz Bikes","Genna Serrano"
165,"Adriene Rivera",Encino,CA,2016-04-08,1,299.99,"Electra Girl's Hawaii 1 (20-inch) - 2015/2016","Children Bicycles","Santa Cruz Bikes","Genna Serrano"
165,"Adriene Rivera",Encino,CA,2016-04-08,1,749.99,"Ritchey Timberwolf Frameset - 2016","Mountain Bikes","Santa Cruz Bikes","Genna Serrano"
168,"Kandace Ayers","Santa Monica",CA,2016-04-09,1,469.99,"Surly Ice Cream Truck Frameset - 2016","Mountain Bikes","Santa Cruz Bikes","Genna Serrano"
168,"Kandace Ayers","Santa Monica",CA,2016-04-09,2,3361.98,"Surly Straggler 650b - 2016","Cyclocross Bicycles","Santa Cruz Bikes","Genna Serrano"
168,"Kandace Ayers","Santa Monica",CA,2016-04-09,2,1099.98,"Electra Townie Original 21D - 2016","Cruisers Bicycles","Santa Cruz Bikes","Genna Serrano"
168,"Kandace Ayers","Santa Monica",CA,2016-04-09,2,539.98,"Electra Girl's Hawaii 1 (16-inch) - 2015/2016","Children Bicycles","Santa Cruz Bikes","Genna Serrano"
171,"Elvera Peck",Banning,CA,2016-04-11,1,1799.99,"Trek Remedy 29 Carbon Frameset - 2016","Mountain Bikes","Santa Cruz Bikes","Genna Serrano"
177,"Lucy Woods","Palos Verdes Peninsula",CA,2016-04-16,2,1199.98,"Electra Townie Original 7D EQ - Women's - 2016","Cruisers Bicycles","Santa Cruz Bikes","Mireya Copeland"
181,"Latosha Dalton",Bakersfield,CA,2016-04-18,1,1549.00,"Surly Straggler - 2016","Cyclocross Bicycles","Santa Cruz Bikes","Genna Serrano"
181,"Latosha Dalton",Bakersfield,CA,2016-04-18,1,1680.99,"Surly Straggler 650b - 2016","Cyclocross Bicycles","Santa Cruz Bikes","Genna Serrano"
181,"Latosha Dalton",Bakersfield,CA,2016-04-18,2,1059.98,"Electra Moto 1 - 2016","Cruisers Bicycles","Santa Cruz Bikes","Genna Serrano"
181,"Latosha Dalton",Bakersfield,CA,2016-04-18,2,1099.98,"Electra Townie Original 21D - 2016","Comfort Bicycles","Santa Cruz Bikes","Genna Serrano"
185,"Corene Wall",Atwater,CA,2016-04-20,1,599.99,"Electra Townie Original 7D EQ - Women's - 2016","Cruisers Bicycles","Santa Cruz Bikes","Mireya Copeland"
185,"Corene Wall",Atwater,CA,2016-04-20,1,1799.99,"Trek Remedy 29 Carbon Frameset - 2016","Mountain Bikes","Santa Cruz Bikes","Mireya Copeland"
189,"Allie Conley",Lawndale,CA,2016-04-23,2,1199.98,"Electra Townie Original 7D EQ - 2016","Cruisers Bicycles","Santa Cruz Bikes","Mireya Copeland"
191,"Ruthanne Hoover",Torrance,CA,2016-04-27,1,499.99,"Electra Townie Original 7D - 2015/2016","Comfort Bicycles","Santa Cruz Bikes","Mireya Copeland"
191,"Ruthanne Hoover",Torrance,CA,2016-04-27,2,1099.98,"Electra Townie Original 21D - 2016","Cruisers Bicycles","Santa Cruz Bikes","Mireya Copeland"
191,"Ruthanne Hoover",Torrance,CA,2016-04-27,1,999.99,"Surly Wednesday Frameset - 2016","Mountain Bikes","Santa Cruz Bikes","Mireya Copeland"
191,"Ruthanne Hoover",Torrance,CA,2016-04-27,2,3599.98,"Trek Remedy 29 Carbon Frameset - 2016","Mountain Bikes","Santa Cruz Bikes","Mireya Copeland"
191,"Ruthanne Hoover",Torrance,CA,2016-04-27,1,299.99,"Electra Girl's Hawaii 1 (20-inch) - 2015/2016","Children Bicycles","Santa Cruz Bikes","Mireya Copeland"
193,"Trena Rogers",Campbell,CA,2016-04-28,2,1099.98,"Electra Townie Original 21D - 2016","Cruisers Bicycles","Santa Cruz Bikes","Genna Serrano"
202,"Joi Reeves","San Diego",CA,2016-05-03,1,1799.99,"Trek Remedy 29 Carbon Frameset - 2016","Mountain Bikes","Santa Cruz Bikes","Mireya Copeland"
202,"Joi Reeves","San Diego",CA,2016-05-03,1,429.00,"Pure Cycles Vine 8-Speed - 2016","Cruisers Bicycles","Santa Cruz Bikes","Mireya Copeland"
202,"Joi Reeves","San Diego",CA,2016-05-03,2,1059.98,"Electra Moto 1 - 2016","Cruisers Bicycles","Santa Cruz Bikes","Mireya Copeland"
202,"Joi Reeves","San Diego",CA,2016-05-03,2,999.98,"Electra Townie Original 7D - 2015/2016","Comfort Bicycles","Santa Cruz Bikes","Mireya Copeland"
216,"Angelina Lloyd","Apple Valley",CA,2016-05-11,2,539.98,"Electra Girl's Hawaii 1 (16-inch) - 2015/2016","Children Bicycles","Santa Cruz Bikes","Genna Serrano"
216,"Angelina Lloyd","Apple Valley",CA,2016-05-11,2,1199.98,"Electra Townie Original 7D EQ - 2016","Cruisers Bicycles","Santa Cruz Bikes","Genna Serrano"
221,"Donovan Cantrell",Oakland,CA,2016-05-13,2,3361.98,"Surly Straggler 650b - 2016","Cyclocross Bicycles","Santa Cruz Bikes","Mireya Copeland"
224,"Carola Rodriquez",Banning,CA,2016-05-17,1,469.99,"Surly Ice Cream Truck Frameset - 2016","Mountain Bikes","Santa Cruz Bikes","Genna Serrano"
224,"Carola Rodriquez",Banning,CA,2016-05-17,2,3361.98,"Surly Straggler 650b - 2016","Cyclocross Bicycles","Santa Cruz Bikes","Genna Serrano"
224,"Carola Rodriquez",Banning,CA,2016-05-17,2,3098.00,"Surly Straggler - 2016","Cyclocross Bicycles","Santa Cruz Bikes","Genna Serrano"
224,"Carola Rodriquez",Banning,CA,2016-05-17,1,499.99,"Electra Townie Original 7D - 2015/2016","Comfort Bicycles","Santa Cruz Bikes","Genna Serrano"
225,"Fransisca Nicholson",Glendora,CA,2016-05-17,1,269.99,"Electra Cruiser 1 (24-Inch) - 2016","Children Bicycles","Santa Cruz Bikes","Genna Serrano"
225,"Fransisca Nicholson",Glendora,CA,2016-05-17,1,2999.99,"Trek Conduit+ - 2016","Electric Bikes","Santa Cruz Bikes","Genna Serrano"
226,"Tony Hicks",Anaheim,CA,2016-05-17,1,749.99,"Ritchey Timberwolf Frameset - 2016","Mountain Bikes","Santa Cruz Bikes","Mireya Copeland"
232,"Latashia Travis",Upland,CA,2016-05-20,1,449.00,"Pure Cycles Western 3-Speed - Women's - 2015/2016","Cruisers Bicycles","Santa Cruz Bikes","Genna Serrano"
232,"Latashia Travis",Upland,CA,2016-05-20,2,3361.98,"Surly Straggler 650b - 2016","Cyclocross Bicycles","Santa Cruz Bikes","Genna Serrano"
232,"Latashia Travis",Upland,CA,2016-05-20,2,1199.98,"Electra Townie Original 7D EQ - 2016","Comfort Bicycles","Santa Cruz Bikes","Genna Serrano"
232,"Latashia Travis",Upland,CA,2016-05-20,2,3599.98,"Trek Remedy 29 Carbon Frameset - 2016","Mountain Bikes","Santa Cruz Bikes","Genna Serrano"
247,"Joann Barber","Santa Monica",CA,2016-05-30,1,499.99,"Electra Townie Original 7D - 2015/2016","Comfort Bicycles","Santa Cruz Bikes","Genna Serrano"
247,"Joann Barber","Santa Monica",CA,2016-05-30,1,999.99,"Surly Wednesday Frameset - 2016","Mountain Bikes","Santa Cruz Bikes","Genna Serrano"
257,"Joeann Garrison",Ontario,CA,2016-06-05,2,3599.98,"Trek Remedy 29 Carbon Frameset - 2016","Mountain Bikes","Santa Cruz Bikes","Genna Serrano"
257,"Joeann Garrison",Ontario,CA,2016-06-05,2,539.98,"Electra Cruiser 1 (24-Inch) - 2016","Cruisers Bicycles","Santa Cruz Bikes","Genna Serrano"
257,"Joeann Garrison",Ontario,CA,2016-06-05,2,3098.00,"Surly Straggler - 2016","Cyclocross Bicycles","Santa Cruz Bikes","Genna Serrano"
257,"Joeann Garrison",Ontario,CA,2016-06-05,1,529.99,"Electra Moto 1 - 2016","Cruisers Bicycles","Santa Cruz Bikes","Genna Serrano"
261,"Pasquale Hogan",Vista,CA,2016-06-08,2,1199.98,"Electra Townie Original 7D EQ - 2016","Cruisers Bicycles","Santa Cruz Bikes","Mireya Copeland"
261,"Pasquale Hogan",Vista,CA,2016-06-08,1,269.99,"Electra Girl's Hawaii 1 (16-inch) - 2015/2016","Cruisers Bicycles","Santa Cruz Bikes","Mireya Copeland"
261,"Pasquale Hogan",Vista,CA,2016-06-08,2,858.00,"Pure Cycles Vine 8-Speed - 2016","Cruisers Bicycles","Santa Cruz Bikes","Mireya Copeland"
264,"Charolette Rice",Sacramento,CA,2016-06-10,1,1549.00,"Surly Straggler - 2016","Cyclocross Bicycles","Santa Cruz Bikes","Genna Serrano"
264,"Charolette Rice",Sacramento,CA,2016-06-10,2,1099.98,"Electra Townie Original 21D - 2016","Comfort Bicycles","Santa Cruz Bikes","Genna Serrano"
264,"Charolette Rice",Sacramento,CA,2016-06-10,2,1059.98,"Electra Moto 1 - 2016","Cruisers Bicycles","Santa Cruz Bikes","Genna Serrano"
264,"Charolette Rice",Sacramento,CA,2016-06-10,2,1999.98,"Surly Wednesday Frameset - 2016","Mountain Bikes","Santa Cruz Bikes","Genna Serrano"
267,"Randolph Chase","San Lorenzo",CA,2016-06-11,2,539.98,"Electra Girl's Hawaii 1 (16-inch) - 2015/2016","Children Bicycles","Santa Cruz Bikes","Genna Serrano"
267,"Randolph Chase","San Lorenzo",CA,2016-06-11,2,599.98,"Electra Girl's Hawaii 1 (20-inch) - 2015/2016","Children Bicycles","Santa Cruz Bikes","Genna Serrano"
267,"Randolph Chase","San Lorenzo",CA,2016-06-11,1,549.99,"Electra Townie Original 21D - 2016","Comfort Bicycles","Santa Cruz Bikes","Genna Serrano"
267,"Randolph Chase","San Lorenzo",CA,2016-06-11,2,7999.98,"Trek Slash 8 27.5 - 2016","Mountain Bikes","Santa Cruz Bikes","Genna Serrano"
267,"Randolph Chase","San Lorenzo",CA,2016-06-11,1,269.99,"Electra Cruiser 1 (24-Inch) - 2016","Children Bicycles","Santa Cruz Bikes","Genna Serrano"
268,"Shery Randolph",Ontario,CA,2016-06-11,1,3999.99,"Trek Slash 8 27.5 - 2016","Mountain Bikes","Santa Cruz Bikes","Genna Serrano"
268,"Shery Randolph",Ontario,CA,2016-06-11,2,939.98,"Surly Ice Cream Truck Frameset - 2016","Mountain Bikes","Santa Cruz Bikes","Genna Serrano"
268,"Shery Randolph",Ontario,CA,2016-06-11,1,2999.99,"Trek Conduit+ - 2016","Electric Bikes","Santa Cruz Bikes","Genna Serrano"
278,"Raven Curtis",Lawndale,CA,2016-06-20,1,599.99,"Electra Townie Original 7D EQ - 2016","Cruisers Bicycles","Santa Cruz Bikes","Genna Serrano"
278,"Raven Curtis",Lawndale,CA,2016-06-20,2,898.00,"Pure Cycles William 3-Speed - 2016","Cruisers Bicycles","Santa Cruz Bikes","Genna Serrano"
278,"Raven Curtis",Lawndale,CA,2016-06-20,1,269.99,"Electra Cruiser 1 (24-Inch) - 2016","Cruisers Bicycles","Santa Cruz Bikes","Genna Serrano"
278,"Raven Curtis",Lawndale,CA,2016-06-20,2,3361.98,"Surly Straggler 650b - 2016","Cyclocross Bicycles","Santa Cruz Bikes","Genna Serrano"
283,"Olevia Pitts","Redondo Beach",CA,2016-06-23,1,2999.99,"Trek Conduit+ - 2016","Electric Bikes","Santa Cruz Bikes","Mireya Copeland"
283,"Olevia Pitts","Redondo Beach",CA,2016-06-23,2,1199.98,"Electra Townie Original 7D EQ - 2016","Cruisers Bicycles","Santa Cruz Bikes","Mireya Copeland"
285,"Justin Newton","Apple Valley",CA,2016-06-25,2,1199.98,"Electra Townie Original 7D EQ - 2016","Cruisers Bicycles","Santa Cruz Bikes","Mireya Copeland"
285,"Justin Newton","Apple Valley",CA,2016-06-25,1,549.99,"Electra Townie Original 21D - 2016","Cruisers Bicycles","Santa Cruz Bikes","Mireya Copeland"
285,"Justin Newton","Apple Valley",CA,2016-06-25,1,749.99,"Ritchey Timberwolf Frameset - 2016","Mountain Bikes","Santa Cruz Bikes","Mireya Copeland"
310,"Deloris Larson",Duarte,CA,2016-07-12,2,7999.98,"Trek Slash 8 27.5 - 2016","Mountain Bikes","Santa Cruz Bikes","Mireya Copeland"
310,"Deloris Larson",Duarte,CA,2016-07-12,2,539.98,"Electra Girl's Hawaii 1 (16-inch) - 2015/2016","Cruisers Bicycles","Santa Cruz Bikes","Mireya Copeland"
310,"Deloris Larson",Duarte,CA,2016-07-12,2,2641.98,"Heller Shagamaw Frame - 2016","Mountain Bikes","Santa Cruz Bikes","Mireya Copeland"
310,"Deloris Larson",Duarte,CA,2016-07-12,1,1799.99,"Trek Remedy 29 Carbon Frameset - 2016","Mountain Bikes","Santa Cruz Bikes","Mireya Copeland"
320,"Carola Johns","Santa Cruz",CA,2016-07-19,1,749.99,"Ritchey Timberwolf Frameset - 2016","Mountain Bikes","Santa Cruz Bikes","Mireya Copeland"
338,"Omega Huff","Santa Monica",CA,2016-07-28,2,939.98,"Surly Ice Cream Truck Frameset - 2016","Mountain Bikes","Santa Cruz Bikes","Genna Serrano"
338,"Omega Huff","Santa Monica",CA,2016-07-28,1,1549.00,"Surly Straggler - 2016","Cyclocross Bicycles","Santa Cruz Bikes","Genna Serrano"
338,"Omega Huff","Santa Monica",CA,2016-07-28,1,269.99,"Electra Girl's Hawaii 1 (16-inch) - 2015/2016","Children Bicycles","Santa Cruz Bikes","Genna Serrano"
338,"Omega Huff","Santa Monica",CA,2016-07-28,2,3361.98,"Surly Straggler 650b - 2016","Cyclocross Bicycles","Santa Cruz Bikes","Genna Serrano"
338,"Omega Huff","Santa Monica",CA,2016-07-28,1,2999.99,"Trek Conduit+ - 2016","Electric Bikes","Santa Cruz Bikes","Genna Serrano"
341,"Karren Lamb",Fresno,CA,2016-07-31,2,599.98,"Electra Girl's Hawaii 1 (20-inch) - 2015/2016","Children Bicycles","Santa Cruz Bikes","Genna Serrano"
349,"Jamaal Albert",Torrance,CA,2016-08-03,2,1199.98,"Electra Townie Original 7D EQ - Women's - 2016","Cruisers Bicycles","Santa Cruz Bikes","Genna Serrano"
350,"Williemae Holloway",Oakland,CA,2016-08-03,2,939.98,"Surly Ice Cream Truck Frameset - 2016","Mountain Bikes","Santa Cruz Bikes","Genna Serrano"
350,"Williemae Holloway",Oakland,CA,2016-08-03,1,599.99,"Electra Townie Original 7D EQ - Women's - 2016","Cruisers Bicycles","Santa Cruz Bikes","Genna Serrano"
350,"Williemae Holloway",Oakland,CA,2016-08-03,1,999.99,"Surly Wednesday Frameset - 2016","Mountain Bikes","Santa Cruz Bikes","Genna Serrano"
351,"Cinda Rocha","Los Banos",CA,2016-08-03,2,5799.98,"Trek Fuel EX 8 29 - 2016","Mountain Bikes","Santa Cruz Bikes","Mireya Copeland"
351,"Cinda Rocha","Los Banos",CA,2016-08-03,2,1099.98,"Electra Townie Original 21D - 2016","Comfort Bicycles","Santa Cruz Bikes","Mireya Copeland"
351,"Cinda Rocha","Los Banos",CA,2016-08-03,1,599.99,"Electra Townie Original 7D EQ - Women's - 2016","Cruisers Bicycles","Santa Cruz Bikes","Mireya Copeland"
351,"Cinda Rocha","Los Banos",CA,2016-08-03,2,539.98,"Electra Girl's Hawaii 1 (16-inch) - 2015/2016","Children Bicycles","Santa Cruz Bikes","Mireya Copeland"
362,"Hedwig Paul","Apple Valley",CA,2016-08-09,1,749.99,"Ritchey Timberwolf Frameset - 2016","Mountain Bikes","Santa Cruz Bikes","Mireya Copeland"
369,"Garth Huff",Glendora,CA,2016-08-15,2,3098.00,"Surly Straggler - 2016","Cyclocross Bicycles","Santa Cruz Bikes","Genna Serrano"
374,"Dante Grimes",Duarte,CA,2016-08-17,1,1549.00,"Surly Straggler - 2016","Cyclocross Bicycles","Santa Cruz Bikes","Mireya Copeland"
374,"Dante Grimes",Duarte,CA,2016-08-17,1,3999.99,"Trek Slash 8 27.5 - 2016","Mountain Bikes","Santa Cruz Bikes","Mireya Copeland"
389,"Saturnina Garner",Glendora,CA,2016-08-22,1,749.99,"Ritchey Timberwolf Frameset - 2016","Mountain Bikes","Santa Cruz Bikes","Genna Serrano"
389,"Saturnina Garner",Glendora,CA,2016-08-22,2,1059.98,"Electra Moto 1 - 2016","Cruisers Bicycles","Santa Cruz Bikes","Genna Serrano"
389,"Saturnina Garner",Glendora,CA,2016-08-22,2,3098.00,"Surly Straggler - 2016","Cyclocross Bicycles","Santa Cruz Bikes","Genna Serrano"
389,"Saturnina Garner",Glendora,CA,2016-08-22,1,1320.99,"Heller Shagamaw Frame - 2016","Mountain Bikes","Santa Cruz Bikes","Genna Serrano"
389,"Saturnina Garner",Glendora,CA,2016-08-22,1,2999.99,"Trek Conduit+ - 2016","Electric Bikes","Santa Cruz Bikes","Genna Serrano"
392,"Carley Reynolds","South El Monte",CA,2016-08-23,2,539.98,"Electra Girl's Hawaii 1 (16-inch) - 2015/2016","Cruisers Bicycles","Santa Cruz Bikes","Genna Serrano"
392,"Carley Reynolds","South El Monte",CA,2016-08-23,2,1999.98,"Surly Wednesday Frameset - 2016","Mountain Bikes","Santa Cruz Bikes","Genna Serrano"
394,"Tammera Fischer",Oakland,CA,2016-08-26,1,299.99,"Electra Girl's Hawaii 1 (20-inch) - 2015/2016","Children Bicycles","Santa Cruz Bikes","Genna Serrano"
394,"Tammera Fischer",Oakland,CA,2016-08-26,1,599.99,"Electra Townie Original 7D EQ - 2016","Cruisers Bicycles","Santa Cruz Bikes","Genna Serrano"
394,"Tammera Fischer",Oakland,CA,2016-08-26,2,539.98,"Electra Girl's Hawaii 1 (16-inch) - 2015/2016","Cruisers Bicycles","Santa Cruz Bikes","Genna Serrano"
398,"Chasidy Tran",Vista,CA,2016-08-29,2,3599.98,"Trek Remedy 29 Carbon Frameset - 2016","Mountain Bikes","Santa Cruz Bikes","Mireya Copeland"
398,"Chasidy Tran",Vista,CA,2016-08-29,2,898.00,"Pure Cycles Western 3-Speed - Women's - 2015/2016","Cruisers Bicycles","Santa Cruz Bikes","Mireya Copeland"
398,"Chasidy Tran",Vista,CA,2016-08-29,1,499.99,"Electra Townie Original 7D - 2015/2016","Comfort Bicycles","Santa Cruz Bikes","Mireya Copeland"
398,"Chasidy Tran",Vista,CA,2016-08-29,1,429.00,"Pure Cycles Vine 8-Speed - 2016","Cruisers Bicycles","Santa Cruz Bikes","Mireya Copeland"
403,"Salena Day","San Lorenzo",CA,2016-08-31,2,1099.98,"Electra Townie Original 21D - 2016","Cruisers Bicycles","Santa Cruz Bikes","Genna Serrano"
403,"Salena Day","San Lorenzo",CA,2016-08-31,2,7999.98,"Trek Slash 8 27.5 - 2016","Mountain Bikes","Santa Cruz Bikes","Genna Serrano"
403,"Salena Day","San Lorenzo",CA,2016-08-31,2,539.98,"Electra Girl's Hawaii 1 (16-inch) - 2015/2016","Children Bicycles","Santa Cruz Bikes","Genna Serrano"
403,"Salena Day","San Lorenzo",CA,2016-08-31,1,549.99,"Electra Townie Original 21D - 2016","Comfort Bicycles","Santa Cruz Bikes","Genna Serrano"
408,"Shemeka Lyons",Pomona,CA,2016-09-01,1,449.00,"Pure Cycles Western 3-Speed - Women's - 2015/2016","Cruisers Bicycles","Santa Cruz Bikes","Mireya Copeland"
408,"Shemeka Lyons",Pomona,CA,2016-09-01,1,999.99,"Surly Wednesday Frameset - 2016","Mountain Bikes","Santa Cruz Bikes","Mireya Copeland"
408,"Shemeka Lyons",Pomona,CA,2016-09-01,2,1499.98,"Ritchey Timberwolf Frameset - 2016","Mountain Bikes","Santa Cruz Bikes","Mireya Copeland"
408,"Shemeka Lyons",Pomona,CA,2016-09-01,2,858.00,"Pure Cycles Vine 8-Speed - 2016","Cruisers Bicycles","Santa Cruz Bikes","Mireya Copeland"
411,"Ferne Kline",Fullerton,CA,2016-09-02,1,749.99,"Ritchey Timberwolf Frameset - 2016","Mountain Bikes","Santa Cruz Bikes","Genna Serrano"
411,"Ferne Kline",Fullerton,CA,2016-09-02,2,1199.98,"Electra Townie Original 7D EQ - 2016","Comfort Bicycles","Santa Cruz Bikes","Genna Serrano"
412,"Carmina Emerson",Banning,CA,2016-09-02,1,3999.99,"Trek Slash 8 27.5 - 2016","Mountain Bikes","Santa Cruz Bikes","Genna Serrano"
412,"Carmina Emerson",Banning,CA,2016-09-02,1,549.99,"Electra Townie Original 21D - 2016","Comfort Bicycles","Santa Cruz Bikes","Genna Serrano"
412,"Carmina Emerson",Banning,CA,2016-09-02,1,429.00,"Pure Cycles Vine 8-Speed - 2016","Cruisers Bicycles","Santa Cruz Bikes","Genna Serrano"
417,"Angie Powers",Pomona,CA,2016-09-04,2,1199.98,"Electra Townie Original 7D EQ - 2016","Comfort Bicycles","Santa Cruz Bikes","Genna Serrano"
417,"Angie Powers",Pomona,CA,2016-09-04,2,939.98,"Surly Ice Cream Truck Frameset - 2016","Mountain Bikes","Santa Cruz Bikes","Genna Serrano"
420,"Petronila Norris","South El Monte",CA,2016-09-05,2,858.00,"Pure Cycles Vine 8-Speed - 2016","Cruisers Bicycles","Santa Cruz Bikes","Genna Serrano"
420,"Petronila Norris","South El Monte",CA,2016-09-05,2,1059.98,"Electra Moto 1 - 2016","Cruisers Bicycles","Santa Cruz Bikes","Genna Serrano"
420,"Petronila Norris","South El Monte",CA,2016-09-05,2,1999.98,"Surly Wednesday Frameset - 2016","Mountain Bikes","Santa Cruz Bikes","Genna Serrano"
421,"Le Deleon",Banning,CA,2016-09-05,2,939.98,"Surly Ice Cream Truck Frameset - 2016","Mountain Bikes","Santa Cruz Bikes","Genna Serrano"
421,"Le Deleon",Banning,CA,2016-09-05,2,1999.98,"Surly Wednesday Frameset - 2016","Mountain Bikes","Santa Cruz Bikes","Genna Serrano"
421,"Le Deleon",Banning,CA,2016-09-05,2,1199.98,"Electra Townie Original 7D EQ - Women's - 2016","Cruisers Bicycles","Santa Cruz Bikes","Genna Serrano"
421,"Le Deleon",Banning,CA,2016-09-05,1,2899.99,"Trek Fuel EX 8 29 - 2016","Mountain Bikes","Santa Cruz Bikes","Genna Serrano"
421,"Le Deleon",Banning,CA,2016-09-05,2,599.98,"Electra Girl's Hawaii 1 (20-inch) - 2015/2016","Children Bicycles","Santa Cruz Bikes","Genna Serrano"
424,"Tommie Melton",Sacramento,CA,2016-09-08,1,269.99,"Electra Girl's Hawaii 1 (16-inch) - 2015/2016","Children Bicycles","Santa Cruz Bikes","Genna Serrano"
424,"Tommie Melton",Sacramento,CA,2016-09-08,1,469.99,"Surly Ice Cream Truck Frameset - 2016","Mountain Bikes","Santa Cruz Bikes","Genna Serrano"
427,"Douglass Little",Duarte,CA,2016-09-09,2,1099.98,"Electra Townie Original 21D - 2016","Cruisers Bicycles","Santa Cruz Bikes","Mireya Copeland"
427,"Douglass Little",Duarte,CA,2016-09-09,2,1059.98,"Electra Moto 1 - 2016","Cruisers Bicycles","Santa Cruz Bikes","Mireya Copeland"
427,"Douglass Little",Duarte,CA,2016-09-09,2,1199.98,"Electra Townie Original 7D EQ - 2016","Comfort Bicycles","Santa Cruz Bikes","Mireya Copeland"
432,"Karla Kirk","Palos Verdes Peninsula",CA,2016-09-12,2,3098.00,"Surly Straggler - 2016","Cyclocross Bicycles","Santa Cruz Bikes","Mireya Copeland"
432,"Karla Kirk","Palos Verdes Peninsula",CA,2016-09-12,2,7999.98,"Trek Slash 8 27.5 - 2016","Mountain Bikes","Santa Cruz Bikes","Mireya Copeland"
441,"Morton Barron",Bakersfield,CA,2016-09-18,1,549.99,"Electra Townie Original 21D - 2016","Cruisers Bicycles","Santa Cruz Bikes","Mireya Copeland"
441,"Morton Barron",Bakersfield,CA,2016-09-18,1,529.99,"Electra Moto 1 - 2016","Cruisers Bicycles","Santa Cruz Bikes","Mireya Copeland"
444,"Jamaal Albert",Torrance,CA,2016-09-19,1,269.99,"Electra Girl's Hawaii 1 (16-inch) - 2015/2016","Children Bicycles","Santa Cruz Bikes","Mireya Copeland"
444,"Jamaal Albert",Torrance,CA,2016-09-19,2,1059.98,"Electra Moto 1 - 2016","Cruisers Bicycles","Santa Cruz Bikes","Mireya Copeland"
444,"Jamaal Albert",Torrance,CA,2016-09-19,2,1199.98,"Electra Townie Original 7D EQ - Women's - 2016","Cruisers Bicycles","Santa Cruz Bikes","Mireya Copeland"
444,"Jamaal Albert",Torrance,CA,2016-09-19,1,599.99,"Electra Townie Original 7D EQ - 2016","Cruisers Bicycles","Santa Cruz Bikes","Mireya Copeland"
444,"Jamaal Albert",Torrance,CA,2016-09-19,2,3098.00,"Surly Straggler - 2016","Cyclocross Bicycles","Santa Cruz Bikes","Mireya Copeland"
457,"Kami Rios",Encino,CA,2016-09-24,2,1099.98,"Electra Townie Original 21D - 2016","Comfort Bicycles","Santa Cruz Bikes","Genna Serrano"
457,"Kami Rios",Encino,CA,2016-09-24,1,749.99,"Ritchey Timberwolf Frameset - 2016","Mountain Bikes","Santa Cruz Bikes","Genna Serrano"
457,"Kami Rios",Encino,CA,2016-09-24,2,7999.98,"Trek Slash 8 27.5 - 2016","Mountain Bikes","Santa Cruz Bikes","Genna Serrano"
457,"Kami Rios",Encino,CA,2016-09-24,1,429.00,"Pure Cycles Vine 8-Speed - 2016","Cruisers Bicycles","Santa Cruz Bikes","Genna Serrano"
468,"Adelaida Hancock","San Pablo",CA,2016-09-29,1,449.00,"Pure Cycles William 3-Speed - 2016","Cruisers Bicycles","Santa Cruz Bikes","Genna Serrano"
468,"Adelaida Hancock","San Pablo",CA,2016-09-29,2,5999.98,"Trek Conduit+ - 2016","Electric Bikes","Santa Cruz Bikes","Genna Serrano"
468,"Adelaida Hancock","San Pablo",CA,2016-09-29,2,3098.00,"Surly Straggler - 2016","Cyclocross Bicycles","Santa Cruz Bikes","Genna Serrano"
468,"Adelaida Hancock","San Pablo",CA,2016-09-29,1,499.99,"Electra Townie Original 7D - 2015/2016","Comfort Bicycles","Santa Cruz Bikes","Genna Serrano"
470,"Derrick Marks",Glendora,CA,2016-09-30,1,449.00,"Pure Cycles Western 3-Speed - Women's - 2015/2016","Cruisers Bicycles","Santa Cruz Bikes","Genna Serrano"
470,"Derrick Marks",Glendora,CA,2016-09-30,1,269.99,"Electra Cruiser 1 (24-Inch) - 2016","Cruisers Bicycles","Santa Cruz Bikes","Genna Serrano"
470,"Derrick Marks",Glendora,CA,2016-09-30,2,3599.98,"Trek Remedy 29 Carbon Frameset - 2016","Mountain Bikes","Santa Cruz Bikes","Genna Serrano"
471,"Alane Mccarty","San Diego",CA,2016-09-30,1,269.99,"Electra Girl's Hawaii 1 (16-inch) - 2015/2016","Cruisers Bicycles","Santa Cruz Bikes","Genna Serrano"
471,"Alane Mccarty","San Diego",CA,2016-09-30,2,539.98,"Electra Cruiser 1 (24-Inch) - 2016","Cruisers Bicycles","Santa Cruz Bikes","Genna Serrano"
474,"Rory Cooper",Rocklin,CA,2016-10-01,2,898.00,"Pure Cycles William 3-Speed - 2016","Cruisers Bicycles","Santa Cruz Bikes","Genna Serrano"
474,"Rory Cooper",Rocklin,CA,2016-10-01,1,1680.99,"Surly Straggler 650b - 2016","Cyclocross Bicycles","Santa Cruz Bikes","Genna Serrano"
477,"Josie Schultz","Canyon Country",CA,2016-10-02,1,469.99,"Surly Ice Cream Truck Frameset - 2016","Mountain Bikes","Santa Cruz Bikes","Mireya Copeland"
477,"Josie Schultz","Canyon Country",CA,2016-10-02,1,1549.00,"Surly Straggler - 2016","Cyclocross Bicycles","Santa Cruz Bikes","Mireya Copeland"
480,"Darcel Harmon","Santa Clara",CA,2016-10-04,1,2899.99,"Trek Fuel EX 8 29 - 2016","Mountain Bikes","Santa Cruz Bikes","Genna Serrano"
480,"Darcel Harmon","Santa Clara",CA,2016-10-04,1,529.99,"Electra Moto 1 - 2016","Cruisers Bicycles","Santa Cruz Bikes","Genna Serrano"
480,"Darcel Harmon","Santa Clara",CA,2016-10-04,2,599.98,"Electra Girl's Hawaii 1 (20-inch) - 2015/2016","Children Bicycles","Santa Cruz Bikes","Genna Serrano"
483,"Diana Cobb",Fullerton,CA,2016-10-06,1,429.00,"Pure Cycles Vine 8-Speed - 2016","Cruisers Bicycles","Santa Cruz Bikes","Mireya Copeland"
491,"Ji Burt","Apple Valley",CA,2016-10-08,2,5999.98,"Trek Conduit+ - 2016","Electric Bikes","Santa Cruz Bikes","Mireya Copeland"
491,"Ji Burt","Apple Valley",CA,2016-10-08,2,539.98,"Electra Cruiser 1 (24-Inch) - 2016","Children Bicycles","Santa Cruz Bikes","Mireya Copeland"
491,"Ji Burt","Apple Valley",CA,2016-10-08,2,1059.98,"Electra Moto 1 - 2016","Cruisers Bicycles","Santa Cruz Bikes","Mireya Copeland"
492,"Graciela Barber",Oxnard,CA,2016-10-09,1,469.99,"Surly Ice Cream Truck Frameset - 2016","Mountain Bikes","Santa Cruz Bikes","Mireya Copeland"
492,"Graciela Barber",Oxnard,CA,2016-10-09,2,539.98,"Electra Girl's Hawaii 1 (16-inch) - 2015/2016","Children Bicycles","Santa Cruz Bikes","Mireya Copeland"
492,"Graciela Barber",Oxnard,CA,2016-10-09,1,599.99,"Electra Townie Original 7D EQ - 2016","Comfort Bicycles","Santa Cruz Bikes","Mireya Copeland"
493,"Rosalie Coffey",Upland,CA,2016-10-09,1,529.99,"Electra Moto 1 - 2016","Cruisers Bicycles","Santa Cruz Bikes","Genna Serrano"
493,"Rosalie Coffey",Upland,CA,2016-10-09,2,898.00,"Pure Cycles Western 3-Speed - Women's - 2015/2016","Cruisers Bicycles","Santa Cruz Bikes","Genna Serrano"
493,"Rosalie Coffey",Upland,CA,2016-10-09,1,599.99,"Electra Townie Original 7D EQ - 2016","Comfort Bicycles","Santa Cruz Bikes","Genna Serrano"
495,"Kecia Olsen","Santa Cruz",CA,2016-10-10,1,269.99,"Electra Girl's Hawaii 1 (16-inch) - 2015/2016","Children Bicycles","Santa Cruz Bikes","Genna Serrano"
495,"Kecia Olsen","Santa Cruz",CA,2016-10-10,1,2999.99,"Trek Conduit+ - 2016","Electric Bikes","Santa Cruz Bikes","Genna Serrano"
499,"Rodrick Shelton","Canyon Country",CA,2016-10-11,1,1680.99,"Surly Straggler 650b - 2016","Cyclocross Bicycles","Santa Cruz Bikes","Mireya Copeland"
499,"Rodrick Shelton","Canyon Country",CA,2016-10-11,1,529.99,"Electra Moto 1 - 2016","Cruisers Bicycles","Santa Cruz Bikes","Mireya Copeland"
499,"Rodrick Shelton","Canyon Country",CA,2016-10-11,2,539.98,"Electra Girl's Hawaii 1 (16-inch) - 2015/2016","Cruisers Bicycles","Santa Cruz Bikes","Mireya Copeland"
499,"Rodrick Shelton","Canyon Country",CA,2016-10-11,2,1199.98,"Electra Townie Original 7D EQ - Women's - 2016","Cruisers Bicycles","Santa Cruz Bikes","Mireya Copeland"
504,"Mercedez Brooks",Duarte,CA,2016-10-14,2,1099.98,"Electra Townie Original 21D - 2016","Comfort Bicycles","Santa Cruz Bikes","Mireya Copeland"
504,"Mercedez Brooks",Duarte,CA,2016-10-14,2,1499.98,"Ritchey Timberwolf Frameset - 2016","Mountain Bikes","Santa Cruz Bikes","Mireya Copeland"
507,"Enoch Rosario",Fresno,CA,2016-10-15,2,3361.98,"Surly Straggler 650b - 2016","Cyclocross Bicycles","Santa Cruz Bikes","Genna Serrano"
507,"Enoch Rosario",Fresno,CA,2016-10-15,2,539.98,"Electra Cruiser 1 (24-Inch) - 2016","Cruisers Bicycles","Santa Cruz Bikes","Genna Serrano"
507,"Enoch Rosario",Fresno,CA,2016-10-15,2,1199.98,"Electra Townie Original 7D EQ - Women's - 2016","Cruisers Bicycles","Santa Cruz Bikes","Genna Serrano"
518,"Juliane Dillard",Glendora,CA,2016-10-22,2,1199.98,"Electra Townie Original 7D EQ - 2016","Cruisers Bicycles","Santa Cruz Bikes","Mireya Copeland"
518,"Juliane Dillard",Glendora,CA,2016-10-22,2,2641.98,"Heller Shagamaw Frame - 2016","Mountain Bikes","Santa Cruz Bikes","Mireya Copeland"
518,"Juliane Dillard",Glendora,CA,2016-10-22,2,999.98,"Electra Townie Original 7D - 2015/2016","Comfort Bicycles","Santa Cruz Bikes","Mireya Copeland"
518,"Juliane Dillard",Glendora,CA,2016-10-22,2,1059.98,"Electra Moto 1 - 2016","Cruisers Bicycles","Santa Cruz Bikes","Mireya Copeland"
518,"Juliane Dillard",Glendora,CA,2016-10-22,2,3361.98,"Surly Straggler 650b - 2016","Cyclocross Bicycles","Santa Cruz Bikes","Mireya Copeland"
524,"Lucas Estes","Santa Monica",CA,2016-10-25,1,1680.99,"Surly Straggler 650b - 2016","Cyclocross Bicycles","Santa Cruz Bikes","Mireya Copeland"
524,"Lucas Estes","Santa Monica",CA,2016-10-25,1,749.99,"Ritchey Timberwolf Frameset - 2016","Mountain Bikes","Santa Cruz Bikes","Mireya Copeland"
524,"Lucas Estes","Santa Monica",CA,2016-10-25,1,2999.99,"Trek Conduit+ - 2016","Electric Bikes","Santa Cruz Bikes","Mireya Copeland"
524,"Lucas Estes","Santa Monica",CA,2016-10-25,2,1999.98,"Surly Wednesday Frameset - 2016","Mountain Bikes","Santa Cruz Bikes","Mireya Copeland"
524,"Lucas Estes","Santa Monica",CA,2016-10-25,1,599.99,"Electra Townie Original 7D EQ - 2016","Comfort Bicycles","Santa Cruz Bikes","Mireya Copeland"
525,"Omega Johnston","Canyon Country",CA,2016-10-26,2,5999.98,"Trek Conduit+ - 2016","Electric Bikes","Santa Cruz Bikes","Genna Serrano"
525,"Omega Johnston","Canyon Country",CA,2016-10-26,2,939.98,"Surly Ice Cream Truck Frameset - 2016","Mountain Bikes","Santa Cruz Bikes","Genna Serrano"
525,"Omega Johnston","Canyon Country",CA,2016-10-26,1,1549.00,"Surly Straggler - 2016","Cyclocross Bicycles","Santa Cruz Bikes","Genna Serrano"
527,"Irving Pitts",Torrance,CA,2016-10-27,2,898.00,"Pure Cycles Western 3-Speed - Women's - 2015/2016","Cruisers Bicycles","Santa Cruz Bikes","Mireya Copeland"
527,"Irving Pitts",Torrance,CA,2016-10-27,1,2899.99,"Trek Fuel EX 8 29 - 2016","Mountain Bikes","Santa Cruz Bikes","Mireya Copeland"
527,"Irving Pitts",Torrance,CA,2016-10-27,1,449.00,"Pure Cycles William 3-Speed - 2016","Cruisers Bicycles","Santa Cruz Bikes","Mireya Copeland"
527,"Irving Pitts",Torrance,CA,2016-10-27,2,5999.98,"Trek Conduit+ - 2016","Electric Bikes","Santa Cruz Bikes","Mireya Copeland"
536,"Cira Downs",Oakland,CA,2016-10-31,1,269.99,"Electra Girl's Hawaii 1 (16-inch) - 2015/2016","Children Bicycles","Santa Cruz Bikes","Genna Serrano"
536,"Cira Downs",Oakland,CA,2016-10-31,1,749.99,"Ritchey Timberwolf Frameset - 2016","Mountain Bikes","Santa Cruz Bikes","Genna Serrano"
536,"Cira Downs",Oakland,CA,2016-10-31,2,1099.98,"Electra Townie Original 21D - 2016","Cruisers Bicycles","Santa Cruz Bikes","Genna Serrano"
536,"Cira Downs",Oakland,CA,2016-10-31,1,269.99,"Electra Girl's Hawaii 1 (16-inch) - 2015/2016","Cruisers Bicycles","Santa Cruz Bikes","Genna Serrano"
537,"Agatha Daniels","South El Monte",CA,2016-10-31,1,1549.00,"Surly Straggler - 2016","Cyclocross Bicycles","Santa Cruz Bikes","Mireya Copeland"
537,"Agatha Daniels","South El Monte",CA,2016-10-31,1,599.99,"Electra Townie Original 7D EQ - 2016","Comfort Bicycles","Santa Cruz Bikes","Mireya Copeland"
537,"Agatha Daniels","South El Monte",CA,2016-10-31,2,858.00,"Pure Cycles Vine 8-Speed - 2016","Cruisers Bicycles","Santa Cruz Bikes","Mireya Copeland"
537,"Agatha Daniels","South El Monte",CA,2016-10-31,2,999.98,"Electra Townie Original 7D - 2015/2016","Comfort Bicycles","Santa Cruz Bikes","Mireya Copeland"
540,"Lorrie Justice",Pomona,CA,2016-11-03,1,449.00,"Pure Cycles William 3-Speed - 2016","Cruisers Bicycles","Santa Cruz Bikes","Genna Serrano"
540,"Lorrie Justice",Pomona,CA,2016-11-03,2,1199.98,"Electra Townie Original 7D EQ - 2016","Comfort Bicycles","Santa Cruz Bikes","Genna Serrano"
540,"Lorrie Justice",Pomona,CA,2016-11-03,2,599.98,"Electra Girl's Hawaii 1 (20-inch) - 2015/2016","Children Bicycles","Santa Cruz Bikes","Genna Serrano"
541,"Zulema Clemons",Oakland,CA,2016-11-04,2,539.98,"Electra Girl's Hawaii 1 (16-inch) - 2015/2016","Children Bicycles","Santa Cruz Bikes","Genna Serrano"
554,"Katharina Bates",Campbell,CA,2016-11-13,2,1999.98,"Surly Wednesday Frameset - 2016","Mountain Bikes","Santa Cruz Bikes","Genna Serrano"
554,"Katharina Bates",Campbell,CA,2016-11-13,1,269.99,"Electra Girl's Hawaii 1 (16-inch) - 2015/2016","Children Bicycles","Santa Cruz Bikes","Genna Serrano"
554,"Katharina Bates",Campbell,CA,2016-11-13,2,5799.98,"Trek Fuel EX 8 29 - 2016","Mountain Bikes","Santa Cruz Bikes","Genna Serrano"
559,"Christel Barber",Sacramento,CA,2016-11-16,2,1059.98,"Electra Moto 1 - 2016","Cruisers Bicycles","Santa Cruz Bikes","Mireya Copeland"
559,"Christel Barber",Sacramento,CA,2016-11-16,1,469.99,"Surly Ice Cream Truck Frameset - 2016","Mountain Bikes","Santa Cruz Bikes","Mireya Copeland"
559,"Christel Barber",Sacramento,CA,2016-11-16,2,7999.98,"Trek Slash 8 27.5 - 2016","Mountain Bikes","Santa Cruz Bikes","Mireya Copeland"
566,"Jennie Middleton",Upland,CA,2016-11-22,2,1099.98,"Electra Townie Original 21D - 2016","Comfort Bicycles","Santa Cruz Bikes","Genna Serrano"
566,"Jennie Middleton",Upland,CA,2016-11-22,2,7999.98,"Trek Slash 8 27.5 - 2016","Mountain Bikes","Santa Cruz Bikes","Genna Serrano"
566,"Jennie Middleton",Upland,CA,2016-11-22,1,1799.99,"Trek Remedy 29 Carbon Frameset - 2016","Mountain Bikes","Santa Cruz Bikes","Genna Serrano"
566,"Jennie Middleton",Upland,CA,2016-11-22,2,539.98,"Electra Cruiser 1 (24-Inch) - 2016","Children Bicycles","Santa Cruz Bikes","Genna Serrano"
567,"Tayna Wade",Bakersfield,CA,2016-11-22,1,2999.99,"Trek Conduit+ - 2016","Electric Bikes","Santa Cruz Bikes","Mireya Copeland"
567,"Tayna Wade",Bakersfield,CA,2016-11-22,1,1320.99,"Heller Shagamaw Frame - 2016","Mountain Bikes","Santa Cruz Bikes","Mireya Copeland"
568,"Lenita Bonner","Los Banos",CA,2016-11-23,1,1320.99,"Heller Shagamaw Frame - 2016","Mountain Bikes","Santa Cruz Bikes","Genna Serrano"
568,"Lenita Bonner","Los Banos",CA,2016-11-23,1,1549.00,"Surly Straggler - 2016","Cyclocross Bicycles","Santa Cruz Bikes","Genna Serrano"
571,"Charolette Rice",Sacramento,CA,2016-11-24,1,2899.99,"Trek Fuel EX 8 29 - 2016","Mountain Bikes","Santa Cruz Bikes","Mireya Copeland"
571,"Charolette Rice",Sacramento,CA,2016-11-24,1,2999.99,"Trek Conduit+ - 2016","Electric Bikes","Santa Cruz Bikes","Mireya Copeland"
575,"Deloris Burke","Palos Verdes Peninsula",CA,2016-11-27,2,5799.98,"Trek Fuel EX 8 29 - 2016","Mountain Bikes","Santa Cruz Bikes","Genna Serrano"
575,"Deloris Burke","Palos Verdes Peninsula",CA,2016-11-27,1,549.99,"Electra Townie Original 21D - 2016","Cruisers Bicycles","Santa Cruz Bikes","Genna Serrano"
576,"Houston Vasquez",Fullerton,CA,2016-11-27,1,2999.99,"Trek Conduit+ - 2016","Electric Bikes","Santa Cruz Bikes","Genna Serrano"
580,"Vonda Berger","Santa Clara",CA,2016-11-30,2,1199.98,"Electra Townie Original 7D EQ - 2016","Cruisers Bicycles","Santa Cruz Bikes","Genna Serrano"
580,"Vonda Berger","Santa Clara",CA,2016-11-30,1,529.99,"Electra Moto 1 - 2016","Cruisers Bicycles","Santa Cruz Bikes","Genna Serrano"
580,"Vonda Berger","Santa Clara",CA,2016-11-30,2,539.98,"Electra Cruiser 1 (24-Inch) - 2016","Children Bicycles","Santa Cruz Bikes","Genna Serrano"
580,"Vonda Berger","Santa Clara",CA,2016-11-30,2,5999.98,"Trek Conduit+ - 2016","Electric Bikes","Santa Cruz Bikes","Genna Serrano"
580,"Vonda Berger","Santa Clara",CA,2016-11-30,1,449.00,"Pure Cycles William 3-Speed - 2016","Cruisers Bicycles","Santa Cruz Bikes","Genna Serrano"
581,"Pearlie Cochran",Campbell,CA,2016-12-03,2,3599.98,"Trek Remedy 29 Carbon Frameset - 2016","Mountain Bikes","Santa Cruz Bikes","Genna Serrano"
582,"Araceli Golden",Fullerton,CA,2016-12-04,2,3098.00,"Surly Straggler - 2016","Cyclocross Bicycles","Santa Cruz Bikes","Mireya Copeland"
582,"Araceli Golden",Fullerton,CA,2016-12-04,2,858.00,"Pure Cycles Vine 8-Speed - 2016","Cruisers Bicycles","Santa Cruz Bikes","Mireya Copeland"
587,"Grace Madden","San Pablo",CA,2016-12-06,1,549.99,"Electra Townie Original 21D - 2016","Comfort Bicycles","Santa Cruz Bikes","Mireya Copeland"
587,"Grace Madden","San Pablo",CA,2016-12-06,1,299.99,"Electra Girl's Hawaii 1 (20-inch) - 2015/2016","Children Bicycles","Santa Cruz Bikes","Mireya Copeland"
587,"Grace Madden","San Pablo",CA,2016-12-06,1,449.00,"Pure Cycles Western 3-Speed - Women's - 2015/2016","Cruisers Bicycles","Santa Cruz Bikes","Mireya Copeland"
587,"Grace Madden","San Pablo",CA,2016-12-06,1,269.99,"Electra Cruiser 1 (24-Inch) - 2016","Children Bicycles","Santa Cruz Bikes","Mireya Copeland"
595,"Sherie Ayala","South El Monte",CA,2016-12-08,1,2899.99,"Trek Fuel EX 8 29 - 2016","Mountain Bikes","Santa Cruz Bikes","Mireya Copeland"
595,"Sherie Ayala","South El Monte",CA,2016-12-08,2,898.00,"Pure Cycles William 3-Speed - 2016","Cruisers Bicycles","Santa Cruz Bikes","Mireya Copeland"
595,"Sherie Ayala","South El Monte",CA,2016-12-08,1,999.99,"Surly Wednesday Frameset - 2016","Mountain Bikes","Santa Cruz Bikes","Mireya Copeland"
595,"Sherie Ayala","South El Monte",CA,2016-12-08,1,1549.00,"Surly Straggler - 2016","Cyclocross Bicycles","Santa Cruz Bikes","Mireya Copeland"
595,"Sherie Ayala","South El Monte",CA,2016-12-08,2,1199.98,"Electra Townie Original 7D EQ - 2016","Comfort Bicycles","Santa Cruz Bikes","Mireya Copeland"
596,"Aileen Marquez",Torrance,CA,2016-12-08,1,1320.99,"Heller Shagamaw Frame - 2016","Mountain Bikes","Santa Cruz Bikes","Genna Serrano"
596,"Aileen Marquez",Torrance,CA,2016-12-08,2,599.98,"Electra Girl's Hawaii 1 (20-inch) - 2015/2016","Children Bicycles","Santa Cruz Bikes","Genna Serrano"
596,"Aileen Marquez",Torrance,CA,2016-12-08,1,2999.99,"Trek Conduit+ - 2016","Electric Bikes","Santa Cruz Bikes","Genna Serrano"
598,"Ronna Butler",Encino,CA,2016-12-09,2,5799.98,"Trek Fuel EX 8 29 - 2016","Mountain Bikes","Santa Cruz Bikes","Genna Serrano"
598,"Ronna Butler",Encino,CA,2016-12-09,2,1199.98,"Electra Townie Original 7D EQ - 2016","Cruisers Bicycles","Santa Cruz Bikes","Genna Serrano"
598,"Ronna Butler",Encino,CA,2016-12-09,1,269.99,"Electra Girl's Hawaii 1 (16-inch) - 2015/2016","Cruisers Bicycles","Santa Cruz Bikes","Genna Serrano"
608,"Ardelia Cooley","Canyon Country",CA,2016-12-12,2,5799.98,"Trek Fuel EX 8 29 - 2016","Mountain Bikes","Santa Cruz Bikes","Genna Serrano"
608,"Ardelia Cooley","Canyon Country",CA,2016-12-12,2,7999.98,"Trek Slash 8 27.5 - 2016","Mountain Bikes","Santa Cruz Bikes","Genna Serrano"
608,"Ardelia Cooley","Canyon Country",CA,2016-12-12,1,549.99,"Electra Townie Original 21D - 2016","Comfort Bicycles","Santa Cruz Bikes","Genna Serrano"
614,"Eun Harris","San Diego",CA,2016-12-18,1,449.00,"Pure Cycles Western 3-Speed - Women's - 2015/2016","Cruisers Bicycles","Santa Cruz Bikes","Mireya Copeland"
614,"Eun Harris","San Diego",CA,2016-12-18,1,269.99,"Electra Cruiser 1 (24-Inch) - 2016","Children Bicycles","Santa Cruz Bikes","Mireya Copeland"
625,"Carmela Hays",Lawndale,CA,2016-12-25,1,429.00,"Pure Cycles Vine 8-Speed - 2016","Cruisers Bicycles","Santa Cruz Bikes","Mireya Copeland"
625,"Carmela Hays",Lawndale,CA,2016-12-25,2,3361.98,"Surly Straggler 650b - 2016","Cyclocross Bicycles","Santa Cruz Bikes","Mireya Copeland"
625,"Carmela Hays",Lawndale,CA,2016-12-25,1,599.99,"Electra Townie Original 7D EQ - 2016","Comfort Bicycles","Santa Cruz Bikes","Mireya Copeland"
625,"Carmela Hays",Lawndale,CA,2016-12-25,2,599.98,"Electra Girl's Hawaii 1 (20-inch) - 2015/2016","Children Bicycles","Santa Cruz Bikes","Mireya Copeland"
628,"Kandace Hughes","San Lorenzo",CA,2016-12-26,2,1059.98,"Electra Moto 1 - 2016","Cruisers Bicycles","Santa Cruz Bikes","Genna Serrano"
629,"Margaretta Clayton",Ridgecrest,CA,2016-12-26,1,449.00,"Pure Cycles William 3-Speed - 2016","Cruisers Bicycles","Santa Cruz Bikes","Mireya Copeland"
629,"Margaretta Clayton",Ridgecrest,CA,2016-12-26,2,2641.98,"Heller Shagamaw Frame - 2016","Mountain Bikes","Santa Cruz Bikes","Mireya Copeland"
629,"Margaretta Clayton",Ridgecrest,CA,2016-12-26,2,599.98,"Electra Girl's Hawaii 1 (20-inch) - 2015/2016","Children Bicycles","Santa Cruz Bikes","Mireya Copeland"
629,"Margaretta Clayton",Ridgecrest,CA,2016-12-26,2,539.98,"Electra Girl's Hawaii 1 (16-inch) - 2015/2016","Cruisers Bicycles","Santa Cruz Bikes","Mireya Copeland"
629,"Margaretta Clayton",Ridgecrest,CA,2016-12-26,2,939.98,"Surly Ice Cream Truck Frameset - 2016","Mountain Bikes","Santa Cruz Bikes","Mireya Copeland"
631,"Lean Stark",Upland,CA,2016-12-27,2,1099.98,"Electra Townie Original 21D - 2016","Comfort Bicycles","Santa Cruz Bikes","Genna Serrano"
631,"Lean Stark",Upland,CA,2016-12-27,2,1059.98,"Electra Moto 1 - 2016","Cruisers Bicycles","Santa Cruz Bikes","Genna Serrano"
636,"Mia Delgado",Coachella,CA,2017-01-03,2,659.98,"Haro Downtown 16 - 2017","Children Bicycles","Santa Cruz Bikes","Mireya Copeland"
641,"Adam Henderson","Los Banos",CA,2017-01-07,1,529.99,"Electra Moto 1 - 2016","Cruisers Bicycles","Santa Cruz Bikes","Genna Serrano"
641,"Adam Henderson","Los Banos",CA,2017-01-07,1,3499.99,"Trek Boone 7 - 2017","Cyclocross Bicycles","Santa Cruz Bikes","Genna Serrano"
641,"Adam Henderson","Los Banos",CA,2017-01-07,1,489.99,"Electra Townie Original 7D - 2017","Cruisers Bicycles","Santa Cruz Bikes","Genna Serrano"
643,"Lonna Franks",Ontario,CA,2017-01-08,1,749.99,"Surly Ogre Frameset - 2017","Road Bikes","Santa Cruz Bikes","Genna Serrano"
646,"Annis Sanchez","Los Angeles",CA,2017-01-09,2,1059.98,"Electra Moto 1 - 2016","Cruisers Bicycles","Santa Cruz Bikes","Mireya Copeland"
646,"Annis Sanchez","Los Angeles",CA,2017-01-09,1,2899.99,"Trek Fuel EX 8 29 - 2016","Mountain Bikes","Santa Cruz Bikes","Mireya Copeland"
646,"Annis Sanchez","Los Angeles",CA,2017-01-09,1,299.99,"Electra Girl's Hawaii 1 16" - 2017","Children Bicycles","Santa Cruz Bikes","Mireya Copeland"
646,"Annis Sanchez","Los Angeles",CA,2017-01-09,1,549.99,"Electra Townie Original 21D - 2016","Cruisers Bicycles","Santa Cruz Bikes","Mireya Copeland"
649,"Ara Vazquez","San Carlos",CA,2017-01-10,2,699.98,"Electra Savannah 3i (20-inch) - Girl's - 2017","Children Bicycles","Santa Cruz Bikes","Genna Serrano"
649,"Ara Vazquez","San Carlos",CA,2017-01-10,1,209.99,"Trek Precaliber 16 Girls - 2017","Children Bicycles","Santa Cruz Bikes","Genna Serrano"
649,"Ara Vazquez","San Carlos",CA,2017-01-10,2,3361.98,"Surly Straggler 650b - 2016","Cyclocross Bicycles","Santa Cruz Bikes","Genna Serrano"
649,"Ara Vazquez","San Carlos",CA,2017-01-10,1,647.99,"Sun Bicycles Biscayne Tandem CB - 2017","Cruisers Bicycles","Santa Cruz Bikes","Genna Serrano"
650,"Hue Dalton","Apple Valley",CA,2017-01-11,1,999.99,"Surly Wednesday Frameset - 2016","Mountain Bikes","Santa Cruz Bikes","Mireya Copeland"
653,"Barbra Dickerson",Ridgecrest,CA,2017-01-14,1,469.99,"Surly Ice Cream Truck Frameset - 2016","Mountain Bikes","Santa Cruz Bikes","Mireya Copeland"
653,"Barbra Dickerson",Ridgecrest,CA,2017-01-14,1,5299.99,"Trek Fuel EX 9.8 27.5 Plus - 2017","Mountain Bikes","Santa Cruz Bikes","Mireya Copeland"
653,"Barbra Dickerson",Ridgecrest,CA,2017-01-14,2,1499.98,"Ritchey Timberwolf Frameset - 2016","Mountain Bikes","Santa Cruz Bikes","Mireya Copeland"
653,"Barbra Dickerson",Ridgecrest,CA,2017-01-14,1,761.99,"Sun Bicycles Brickell Tandem CB - 2017","Cruisers Bicycles","Santa Cruz Bikes","Mireya Copeland"
653,"Barbra Dickerson",Ridgecrest,CA,2017-01-14,2,379.98,"Trek Precaliber 12 Girls - 2017","Children Bicycles","Santa Cruz Bikes","Mireya Copeland"
655,"Kanesha Hudson",Oakland,CA,2017-01-16,1,250.99,"Sun Bicycles Revolutions 24 - Girl's - 2017","Cruisers Bicycles","Santa Cruz Bikes","Genna Serrano"
657,"Mable Pratt",Coachella,CA,2017-01-17,1,875.99,"Surly Steamroller - 2017","Road Bikes","Santa Cruz Bikes","Mireya Copeland"
657,"Mable Pratt",Coachella,CA,2017-01-17,2,6399.98,"Trek Domane SL Disc Frameset - 2017","Road Bikes","Santa Cruz Bikes","Mireya Copeland"
662,"Caleb England",Pleasanton,CA,2017-01-19,2,5399.98,"Trek Domane S 6 - 2017","Road Bikes","Santa Cruz Bikes","Genna Serrano"
662,"Caleb England",Pleasanton,CA,2017-01-19,2,599.98,"Electra Girl's Hawaii 1 16" - 2017","Children Bicycles","Santa Cruz Bikes","Genna Serrano"
662,"Caleb England",Pleasanton,CA,2017-01-19,2,979.98,"Electra Townie Original 7D - 2017","Comfort Bicycles","Santa Cruz Bikes","Genna Serrano"
662,"Caleb England",Pleasanton,CA,2017-01-19,1,269.99,"Electra Girl's Hawaii 1 (16-inch) - 2015/2016","Children Bicycles","Santa Cruz Bikes","Genna Serrano"
662,"Caleb England",Pleasanton,CA,2017-01-19,2,899.98,"Sun Bicycles Cruz 3 - 2017","Comfort Bicycles","Santa Cruz Bikes","Genna Serrano"
663,"Herta Rollins","Mountain View",CA,2017-01-20,2,2939.98,"Haro Shift R3 - 2017","Mountain Bikes","Santa Cruz Bikes","Genna Serrano"
663,"Herta Rollins","Mountain View",CA,2017-01-20,2,858.00,"Pure Cycles Vine 8-Speed - 2016","Cruisers Bicycles","Santa Cruz Bikes","Genna Serrano"
663,"Herta Rollins","Mountain View",CA,2017-01-20,1,249.99,"Haro Shredder Pro 20 - 2017","Children Bicycles","Santa Cruz Bikes","Genna Serrano"
663,"Herta Rollins","Mountain View",CA,2017-01-20,1,416.99,"Sun Bicycles Atlas X-Type - 2017","Cruisers Bicycles","Santa Cruz Bikes","Genna Serrano"
663,"Herta Rollins","Mountain View",CA,2017-01-20,1,449.99,"Sun Bicycles Cruz 3 - 2017","Comfort Bicycles","Santa Cruz Bikes","Genna Serrano"
679,"Zina Bonner","San Lorenzo",CA,2017-01-29,2,1059.98,"Electra Moto 1 - 2016","Cruisers Bicycles","Santa Cruz Bikes","Genna Serrano"
679,"Zina Bonner","San Lorenzo",CA,2017-01-29,2,299.98,"Trek Boy's Kickster - 2015/2017","Children Bicycles","Santa Cruz Bikes","Genna Serrano"
680,"Delila Hamilton","Palos Verdes Peninsula",CA,2017-01-29,2,2199.98,"Electra Amsterdam Fashion 7i Ladies' - 2017","Cruisers Bicycles","Santa Cruz Bikes","Genna Serrano"
680,"Delila Hamilton","Palos Verdes Peninsula",CA,2017-01-29,1,3999.99,"Trek Slash 8 27.5 - 2016","Mountain Bikes","Santa Cruz Bikes","Genna Serrano"
680,"Delila Hamilton","Palos Verdes Peninsula",CA,2017-01-29,1,5999.99,"Trek Silque SLR 7 Women's - 2017","Road Bikes","Santa Cruz Bikes","Genna Serrano"
687,"Selene Austin",Duarte,CA,2017-02-02,2,2999.98,"Trek Emonda S 4 - 2017","Road Bikes","Santa Cruz Bikes","Genna Serrano"
687,"Selene Austin",Duarte,CA,2017-02-02,1,299.99,"Electra Girl's Hawaii 1 16" - 2017","Children Bicycles","Santa Cruz Bikes","Genna Serrano"
687,"Selene Austin",Duarte,CA,2017-02-02,2,2641.98,"Heller Shagamaw Frame - 2016","Mountain Bikes","Santa Cruz Bikes","Genna Serrano"
687,"Selene Austin",Duarte,CA,2017-02-02,1,149.99,"Trek Boy's Kickster - 2015/2017","Children Bicycles","Santa Cruz Bikes","Genna Serrano"
690,"Collen Dennis","San Pablo",CA,2017-02-03,1,109.99,"Sun Bicycles Lil Kitt'n - 2017","Children Bicycles","Santa Cruz Bikes","Mireya Copeland"
690,"Collen Dennis","San Pablo",CA,2017-02-03,2,3361.98,"Surly Straggler 650b - 2016","Cyclocross Bicycles","Santa Cruz Bikes","Mireya Copeland"
690,"Collen Dennis","San Pablo",CA,2017-02-03,1,329.99,"Haro Downtown 16 - 2017","Children Bicycles","Santa Cruz Bikes","Mireya Copeland"
690,"Collen Dennis","San Pablo",CA,2017-02-03,2,833.98,"Sun Bicycles Cruz 7 - Women's - 2017","Comfort Bicycles","Santa Cruz Bikes","Mireya Copeland"
692,"Kasha Todd",Campbell,CA,2017-02-05,1,2599.99,"Trek Domane S 5 Disc - 2017","Road Bikes","Santa Cruz Bikes","Genna Serrano"
692,"Kasha Todd",Campbell,CA,2017-02-05,1,599.99,"Electra Cruiser Lux Fat Tire 1 Ladies - 2017","Cruisers Bicycles","Santa Cruz Bikes","Genna Serrano"
692,"Kasha Todd",Campbell,CA,2017-02-05,2,1059.98,"Electra Moto 1 - 2016","Cruisers Bicycles","Santa Cruz Bikes","Genna Serrano"
692,"Kasha Todd",Campbell,CA,2017-02-05,2,10999.98,"Trek Domane SLR 6 Disc - 2017","Road Bikes","Santa Cruz Bikes","Genna Serrano"
693,"Lise Hebert",Vista,CA,2017-02-05,2,963.98,"Sun Bicycles Streamway - 2017","Comfort Bicycles","Santa Cruz Bikes","Genna Serrano"
693,"Lise Hebert",Vista,CA,2017-02-05,1,269.99,"Electra Cruiser 1 (24-Inch) - 2016","Cruisers Bicycles","Santa Cruz Bikes","Genna Serrano"
693,"Lise Hebert",Vista,CA,2017-02-05,2,2641.98,"Heller Shagamaw Frame - 2016","Mountain Bikes","Santa Cruz Bikes","Genna Serrano"
693,"Lise Hebert",Vista,CA,2017-02-05,1,1632.99,"Surly Wednesday - 2017","Mountain Bikes","Santa Cruz Bikes","Genna Serrano"
697,"Alejandro Norman",Upland,CA,2017-02-06,2,2641.98,"Heller Shagamaw Frame - 2016","Mountain Bikes","Santa Cruz Bikes","Mireya Copeland"
702,"Dorothea Miranda",Upland,CA,2017-02-08,2,999.98,"Electra Townie Original 7D - 2015/2016","Comfort Bicycles","Santa Cruz Bikes","Genna Serrano"
702,"Dorothea Miranda",Upland,CA,2017-02-08,1,481.99,"Sun Bicycles Streamway - 2017","Comfort Bicycles","Santa Cruz Bikes","Genna Serrano"
702,"Dorothea Miranda",Upland,CA,2017-02-08,2,1999.98,"Surly Wednesday Frameset - 2016","Mountain Bikes","Santa Cruz Bikes","Genna Serrano"
706,"Roy Chan",Pomona,CA,2017-02-09,1,999.99,"Surly Big Dummy Frameset - 2017","Mountain Bikes","Santa Cruz Bikes","Mireya Copeland"
706,"Roy Chan",Pomona,CA,2017-02-09,2,599.98,"Electra Girl's Hawaii 1 (20-inch) - 2015/2016","Children Bicycles","Santa Cruz Bikes","Mireya Copeland"
706,"Roy Chan",Pomona,CA,2017-02-09,1,1559.99,"Sun Bicycles ElectroLite - 2017","Electric Bikes","Santa Cruz Bikes","Mireya Copeland"
708,"Shara Pope",Ridgecrest,CA,2017-02-10,1,469.99,"Surly Ice Cream Truck Frameset - 2016","Mountain Bikes","Santa Cruz Bikes","Mireya Copeland"
708,"Shara Pope",Ridgecrest,CA,2017-02-10,1,5299.99,"Trek Remedy 9.8 - 2017","Mountain Bikes","Santa Cruz Bikes","Mireya Copeland"
708,"Shara Pope",Ridgecrest,CA,2017-02-10,2,939.98,"Trek Session DH 27.5 Carbon Frameset - 2017","Mountain Bikes","Santa Cruz Bikes","Mireya Copeland"
728,"Hubert Stone",Ridgecrest,CA,2017-02-20,1,659.99,"Electra Amsterdam Original 3i - 2015/2017","Cruisers Bicycles","Santa Cruz Bikes","Genna Serrano"
728,"Hubert Stone",Ridgecrest,CA,2017-02-20,1,5499.99,"Trek Domane SLR 6 Disc - 2017","Road Bikes","Santa Cruz Bikes","Genna Serrano"
728,"Hubert Stone",Ridgecrest,CA,2017-02-20,1,349.99,"Trek Precaliber 24 (21-Speed) - Girls - 2017","Children Bicycles","Santa Cruz Bikes","Genna Serrano"
728,"Hubert Stone",Ridgecrest,CA,2017-02-20,1,4999.99,"Trek Madone 9.2 - 2017","Road Bikes","Santa Cruz Bikes","Genna Serrano"
738,"Jeni Booker","South El Monte",CA,2017-02-28,2,1319.98,"Electra Amsterdam Original 3i Ladies' - 2017","Cruisers Bicycles","Santa Cruz Bikes","Mireya Copeland"
738,"Jeni Booker","South El Monte",CA,2017-02-28,2,1099.98,"Haro Flightline Two 26 Plus - 2017","Mountain Bikes","Santa Cruz Bikes","Mireya Copeland"
738,"Jeni Booker","South El Monte",CA,2017-02-28,1,499.99,"Electra Townie Original 7D - 2015/2016","Comfort Bicycles","Santa Cruz Bikes","Mireya Copeland"
738,"Jeni Booker","South El Monte",CA,2017-02-28,1,3499.99,"Trek Boone Race Shop Limited - 2017","Cyclocross Bicycles","Santa Cruz Bikes","Mireya Copeland"
746,"Vernita Ball","Los Banos",CA,2017-03-02,1,299.99,"Electra Sugar Skulls 1 (20-inch) - Girl's - 2017","Children Bicycles","Santa Cruz Bikes","Genna Serrano"
747,"Yan Mcgowan",Duarte,CA,2017-03-03,1,470.99,"Sun Bicycles Drifter 7 - 2017","Comfort Bicycles","Santa Cruz Bikes","Genna Serrano"
747,"Yan Mcgowan",Duarte,CA,2017-03-03,1,149.99,"Trek Girl's Kickster - 2017","Children Bicycles","Santa Cruz Bikes","Genna Serrano"
747,"Yan Mcgowan",Duarte,CA,2017-03-03,2,939.98,"Surly Wednesday Frameset - 2017","Mountain Bikes","Santa Cruz Bikes","Genna Serrano"
747,"Yan Mcgowan",Duarte,CA,2017-03-03,1,1099.99,"Electra Amsterdam Fashion 7i Ladies' - 2017","Cruisers Bicycles","Santa Cruz Bikes","Genna Serrano"
751,"Hilary Savage",Oxnard,CA,2017-03-05,2,1739.98,"Haro SR 1.2 - 2017","Mountain Bikes","Santa Cruz Bikes","Genna Serrano"
754,"Ann Heath","South El Monte",CA,2017-03-06,2,879.98,"Electra Cruiser Lux 1 - 2017","Cruisers Bicycles","Santa Cruz Bikes","Mireya Copeland"
754,"Ann Heath","South El Monte",CA,2017-03-06,2,1099.98,"Electra Townie Original 21D - 2016","Cruisers Bicycles","Santa Cruz Bikes","Mireya Copeland"
754,"Ann Heath","South El Monte",CA,2017-03-06,1,999.99,"Surly Wednesday Frameset - 2016","Mountain Bikes","Santa Cruz Bikes","Mireya Copeland"
754,"Ann Heath","South El Monte",CA,2017-03-06,2,501.98,"Sun Bicycles Revolutions 24 - Girl's - 2017","Cruisers Bicycles","Santa Cruz Bikes","Mireya Copeland"
754,"Ann Heath","South El Monte",CA,2017-03-06,1,3999.99,"Trek Slash 8 27.5 - 2016","Mountain Bikes","Santa Cruz Bikes","Mireya Copeland"
764,"Alysia Nicholson",Oxnard,CA,2017-03-09,1,2699.99,"Trek Domane S 6 - 2017","Road Bikes","Santa Cruz Bikes","Mireya Copeland"
764,"Alysia Nicholson",Oxnard,CA,2017-03-09,2,599.98,"Electra Girl's Hawaii 1 16" - 2017","Children Bicycles","Santa Cruz Bikes","Mireya Copeland"
764,"Alysia Nicholson",Oxnard,CA,2017-03-09,2,2199.98,"Electra Amsterdam Fashion 7i Ladies' - 2017","Cruisers Bicycles","Santa Cruz Bikes","Mireya Copeland"
765,"Tuyet Rosa","South El Monte",CA,2017-03-09,2,4999.98,"Surly Karate Monkey 27.5+ Frameset - 2017","Mountain Bikes","Santa Cruz Bikes","Mireya Copeland"
765,"Tuyet Rosa","South El Monte",CA,2017-03-09,1,549.99,"Electra Townie Original 21D - 2016","Cruisers Bicycles","Santa Cruz Bikes","Mireya Copeland"
765,"Tuyet Rosa","South El Monte",CA,2017-03-09,1,499.99,"Electra Townie Original 7D - 2015/2016","Comfort Bicycles","Santa Cruz Bikes","Mireya Copeland"
765,"Tuyet Rosa","South El Monte",CA,2017-03-09,1,749.99,"Surly Ogre Frameset - 2017","Road Bikes","Santa Cruz Bikes","Mireya Copeland"
765,"Tuyet Rosa","South El Monte",CA,2017-03-09,1,346.99,"Sun Bicycles Lil Bolt Type-R - 2017","Cruisers Bicycles","Santa Cruz Bikes","Mireya Copeland"
771,"Jennette Baker",Banning,CA,2017-03-11,2,539.98,"Electra Cruiser 1 (24-Inch) - 2016","Cruisers Bicycles","Santa Cruz Bikes","Genna Serrano"
771,"Jennette Baker",Banning,CA,2017-03-11,1,189.99,"Trek Precaliber 12 Girls - 2017","Children Bicycles","Santa Cruz Bikes","Genna Serrano"
783,"Jama Rodriquez",Upland,CA,2017-03-16,1,209.99,"Haro Shredder 20 - 2017","Children Bicycles","Santa Cruz Bikes","Mireya Copeland"
783,"Jama Rodriquez",Upland,CA,2017-03-16,2,539.98,"Electra Girl's Hawaii 1 (16-inch) - 2015/2016","Children Bicycles","Santa Cruz Bikes","Mireya Copeland"
783,"Jama Rodriquez",Upland,CA,2017-03-16,1,249.99,"Haro Shredder Pro 20 - 2017","Children Bicycles","Santa Cruz Bikes","Mireya Copeland"
783,"Jama Rodriquez",Upland,CA,2017-03-16,1,999.99,"Trek X-Caliber 8 - 2017","Mountain Bikes","Santa Cruz Bikes","Mireya Copeland"
785,"Donette Mccarthy","Redondo Beach",CA,2017-03-18,2,5199.98,"Trek Domane S 5 Disc - 2017","Road Bikes","Santa Cruz Bikes","Mireya Copeland"
785,"Donette Mccarthy","Redondo Beach",CA,2017-03-18,1,4999.99,"Trek Fuel EX 9.8 29 - 2017","Mountain Bikes","Santa Cruz Bikes","Mireya Copeland"
785,"Donette Mccarthy","Redondo Beach",CA,2017-03-18,1,499.99,"Electra Townie Original 7D - 2015/2016","Comfort Bicycles","Santa Cruz Bikes","Mireya Copeland"
798,"Ana Palmer",Anaheim,CA,2017-03-26,1,299.99,"Electra Girl's Hawaii 1 (20-inch) - 2015/2016","Children Bicycles","Santa Cruz Bikes","Genna Serrano"
798,"Ana Palmer",Anaheim,CA,2017-03-26,1,209.99,"Trek Precaliber 16 Girls - 2017","Children Bicycles","Santa Cruz Bikes","Genna Serrano"
798,"Ana Palmer",Anaheim,CA,2017-03-26,2,699.98,"Trek Precaliber 24 (21-Speed) - Girls - 2017","Children Bicycles","Santa Cruz Bikes","Genna Serrano"
798,"Ana Palmer",Anaheim,CA,2017-03-26,1,2299.99,"Trek Fuel EX 5 27.5 Plus - 2017","Mountain Bikes","Santa Cruz Bikes","Genna Serrano"
798,"Ana Palmer",Anaheim,CA,2017-03-26,2,1199.98,"Electra Townie Original 7D EQ - 2016","Comfort Bicycles","Santa Cruz Bikes","Genna Serrano"
799,"Paul Lester",Vista,CA,2017-03-27,2,2641.98,"Heller Shagamaw Frame - 2016","Mountain Bikes","Santa Cruz Bikes","Genna Serrano"
799,"Paul Lester",Vista,CA,2017-03-27,2,939.98,"Trek Session DH 27.5 Carbon Frameset - 2017","Mountain Bikes","Santa Cruz Bikes","Genna Serrano"
799,"Paul Lester",Vista,CA,2017-03-27,2,1999.98,"Trek X-Caliber 8 - 2017","Mountain Bikes","Santa Cruz Bikes","Genna Serrano"
799,"Paul Lester",Vista,CA,2017-03-27,1,3499.99,"Trek Boone Race Shop Limited - 2017","Cyclocross Bicycles","Santa Cruz Bikes","Genna Serrano"
799,"Paul Lester",Vista,CA,2017-03-27,2,9999.98,"Trek Madone 9.2 - 2017","Road Bikes","Santa Cruz Bikes","Genna Serrano"
801,"Chi Goff","Palos Verdes Peninsula",CA,2017-03-28,1,339.99,"Electra Townie 7D (20-inch) - Boys' - 2017","Children Bicycles","Santa Cruz Bikes","Mireya Copeland"
815,"Nanette Roman",Glendora,CA,2017-04-03,2,1067.98,"Sun Bicycles Streamway 7 - 2017","Comfort Bicycles","Santa Cruz Bikes","Genna Serrano"
815,"Nanette Roman",Glendora,CA,2017-04-03,2,979.98,"Electra Townie Original 7D - 2017","Comfort Bicycles","Santa Cruz Bikes","Genna Serrano"
815,"Nanette Roman",Glendora,CA,2017-04-03,2,379.98,"Trek Precaliber 12 Boys - 2017","Children Bicycles","Santa Cruz Bikes","Genna Serrano"
815,"Nanette Roman",Glendora,CA,2017-04-03,1,299.99,"Electra Girl's Hawaii 1 (20-inch) - 2015/2016","Children Bicycles","Santa Cruz Bikes","Genna Serrano"
824,"Giovanna Jefferson",Ridgecrest,CA,2017-04-07,2,419.98,"Haro Shredder 20 - 2017","Children Bicycles","Santa Cruz Bikes","Mireya Copeland"
835,"Marina Hinton",Encino,CA,2017-04-13,2,693.98,"Sun Bicycles Lil Bolt Type-R - 2017","Cruisers Bicycles","Santa Cruz Bikes","Mireya Copeland"
835,"Marina Hinton",Encino,CA,2017-04-13,1,659.99,"Electra Amsterdam Original 3i Ladies' - 2017","Cruisers Bicycles","Santa Cruz Bikes","Mireya Copeland"
835,"Marina Hinton",Encino,CA,2017-04-13,1,749.99,"Ritchey Timberwolf Frameset - 2016","Mountain Bikes","Santa Cruz Bikes","Mireya Copeland"
839,"Novella Ross",Glendora,CA,2017-04-15,1,2699.99,"Trek Domane S 6 - 2017","Road Bikes","Santa Cruz Bikes","Genna Serrano"
839,"Novella Ross",Glendora,CA,2017-04-15,1,329.99,"Haro Downtown 16 - 2017","Children Bicycles","Santa Cruz Bikes","Genna Serrano"
839,"Novella Ross",Glendora,CA,2017-04-15,2,9999.98,"Trek Madone 9.2 - 2017","Road Bikes","Santa Cruz Bikes","Genna Serrano"
849,"Angelique Merrill","South El Monte",CA,2017-04-19,1,416.99,"Sun Bicycles Cruz 7 - Women's - 2017","Comfort Bicycles","Santa Cruz Bikes","Mireya Copeland"
850,"Sanora Webster","Los Angeles",CA,2017-04-19,2,679.98,"Electra Townie 7D (20-inch) - Boys' - 2017","Children Bicycles","Santa Cruz Bikes","Genna Serrano"
850,"Sanora Webster","Los Angeles",CA,2017-04-19,2,2641.98,"Heller Shagamaw Frame - 2016","Mountain Bikes","Santa Cruz Bikes","Genna Serrano"
850,"Sanora Webster","Los Angeles",CA,2017-04-19,1,379.99,"Haro Flightline One ST - 2017","Mountain Bikes","Santa Cruz Bikes","Genna Serrano"
867,"Louanne Martin","Yuba City",CA,2017-05-01,1,339.99,"Electra Townie 7D (20-inch) - Boys' - 2017","Children Bicycles","Santa Cruz Bikes","Genna Serrano"
868,"Domingo Casey","San Jose",CA,2017-05-01,1,1409.99,"Haro SR 1.3 - 2017","Mountain Bikes","Santa Cruz Bikes","Genna Serrano"
872,"Virgen Clemons","South El Monte",CA,2017-05-03,2,6999.98,"Trek Boone 7 - 2017","Cyclocross Bicycles","Santa Cruz Bikes","Genna Serrano"
872,"Virgen Clemons","South El Monte",CA,2017-05-03,1,749.99,"Surly Ogre Frameset - 2017","Road Bikes","Santa Cruz Bikes","Genna Serrano"
875,"Nelle Beck",Upland,CA,2017-05-05,2,2641.98,"Heller Shagamaw Frame - 2016","Mountain Bikes","Santa Cruz Bikes","Genna Serrano"
875,"Nelle Beck",Upland,CA,2017-05-05,2,1059.98,"Electra Moto 1 - 2016","Cruisers Bicycles","Santa Cruz Bikes","Genna Serrano"
875,"Nelle Beck",Upland,CA,2017-05-05,1,269.99,"Electra Girl's Hawaii 1 (16-inch) - 2015/2016","Cruisers Bicycles","Santa Cruz Bikes","Genna Serrano"
875,"Nelle Beck",Upland,CA,2017-05-05,1,470.99,"Sun Bicycles Drifter 7 - Women's - 2017","Comfort Bicycles","Santa Cruz Bikes","Genna Serrano"
878,"Moses Pope",Lawndale,CA,2017-05-07,1,551.99,"Sun Bicycles Streamway 3 - 2017","Comfort Bicycles","Santa Cruz Bikes","Genna Serrano"
878,"Moses Pope",Lawndale,CA,2017-05-07,1,269.99,"Electra Cruiser 1 (24-Inch) - 2016","Cruisers Bicycles","Santa Cruz Bikes","Genna Serrano"
878,"Moses Pope",Lawndale,CA,2017-05-07,2,939.98,"Surly Ice Cream Truck Frameset - 2016","Mountain Bikes","Santa Cruz Bikes","Genna Serrano"
878,"Moses Pope",Lawndale,CA,2017-05-07,2,898.00,"Pure Cycles Western 3-Speed - Women's - 2015/2016","Cruisers Bicycles","Santa Cruz Bikes","Genna Serrano"
886,"Delma Bailey",Anaheim,CA,2017-05-13,1,5299.99,"Trek Remedy 9.8 - 2017","Mountain Bikes","Santa Cruz Bikes","Mireya Copeland"
886,"Delma Bailey",Anaheim,CA,2017-05-13,1,999.99,"Surly Ice Cream Truck Frameset - 2017","Mountain Bikes","Santa Cruz Bikes","Mireya Copeland"
897,"Bridgette Guerra","San Lorenzo",CA,2017-05-20,1,533.99,"Sun Bicycles Streamway 7 - 2017","Comfort Bicycles","Santa Cruz Bikes","Mireya Copeland"
897,"Bridgette Guerra","San Lorenzo",CA,2017-05-20,1,349.99,"Electra Moto 3i (20-inch) - Boy's - 2017","Children Bicycles","Santa Cruz Bikes","Mireya Copeland"
904,"Lorraine Marks","San Carlos",CA,2017-05-23,2,1665.98,"Surly Troll Frameset - 2017","Mountain Bikes","Santa Cruz Bikes","Mireya Copeland"
904,"Lorraine Marks","San Carlos",CA,2017-05-23,2,12999.98,"Trek Silque SLR 8 Women's - 2017","Road Bikes","Santa Cruz Bikes","Mireya Copeland"
904,"Lorraine Marks","San Carlos",CA,2017-05-23,2,419.98,"Haro Shredder 20 - 2017","Children Bicycles","Santa Cruz Bikes","Mireya Copeland"
904,"Lorraine Marks","San Carlos",CA,2017-05-23,1,269.99,"Electra Cruiser 1 (24-Inch) - 2016","Cruisers Bicycles","Santa Cruz Bikes","Mireya Copeland"
907,"Luz House",Fresno,CA,2017-05-24,2,219.98,"Sun Bicycles Lil Kitt'n - 2017","Children Bicycles","Santa Cruz Bikes","Mireya Copeland"
907,"Luz House",Fresno,CA,2017-05-24,1,346.99,"Sun Bicycles Lil Bolt Type-R - 2017","Cruisers Bicycles","Santa Cruz Bikes","Mireya Copeland"
909,"Sharla Flynn",Oxnard,CA,2017-05-26,1,1320.99,"Heller Shagamaw Frame - 2016","Mountain Bikes","Santa Cruz Bikes","Mireya Copeland"
912,"Rudolf Gilliam","Palos Verdes Peninsula",CA,2017-05-27,2,539.98,"Electra Girl's Hawaii 1 (16-inch) - 2015/2016","Children Bicycles","Santa Cruz Bikes","Mireya Copeland"
912,"Rudolf Gilliam","Palos Verdes Peninsula",CA,2017-05-27,2,833.98,"Sun Bicycles Atlas X-Type - 2017","Cruisers Bicycles","Santa Cruz Bikes","Mireya Copeland"
912,"Rudolf Gilliam","Palos Verdes Peninsula",CA,2017-05-27,1,339.99,"Electra Townie 7D (20-inch) - Boys' - 2017","Children Bicycles","Santa Cruz Bikes","Mireya Copeland"
912,"Rudolf Gilliam","Palos Verdes Peninsula",CA,2017-05-27,2,1499.98,"Ritchey Timberwolf Frameset - 2016","Mountain Bikes","Santa Cruz Bikes","Mireya Copeland"
914,"Doris Kaufman",Duarte,CA,2017-05-28,1,549.99,"Haro Flightline Two 26 Plus - 2017","Mountain Bikes","Santa Cruz Bikes","Mireya Copeland"
914,"Doris Kaufman",Duarte,CA,2017-05-28,2,1199.98,"Electra Townie Original 7D EQ - Women's - 2016","Cruisers Bicycles","Santa Cruz Bikes","Mireya Copeland"
914,"Doris Kaufman",Duarte,CA,2017-05-28,1,449.99,"Sun Bicycles Cruz 3 - 2017","Comfort Bicycles","Santa Cruz Bikes","Mireya Copeland"
914,"Doris Kaufman",Duarte,CA,2017-05-28,1,1409.99,"Haro SR 1.3 - 2017","Mountain Bikes","Santa Cruz Bikes","Mireya Copeland"
917,"Chloe Patel","Santa Monica",CA,2017-05-29,1,1469.99,"Haro Shift R3 - 2017","Mountain Bikes","Santa Cruz Bikes","Mireya Copeland"
918,"Rutha Howell","Canyon Country",CA,2017-05-30,1,349.99,"Trek Precaliber 24 (21-Speed) - Girls - 2017","Children Bicycles","Santa Cruz Bikes","Genna Serrano"
918,"Rutha Howell","Canyon Country",CA,2017-05-30,1,1632.99,"Surly Wednesday - 2017","Mountain Bikes","Santa Cruz Bikes","Genna Serrano"
918,"Rutha Howell","Canyon Country",CA,2017-05-30,2,5799.98,"Trek Fuel EX 8 29 - 2016","Mountain Bikes","Santa Cruz Bikes","Genna Serrano"
926,"Mariana Strong","Santa Clara",CA,2017-06-03,2,759.98,"Haro Flightline One ST - 2017","Mountain Bikes","Santa Cruz Bikes","Mireya Copeland"
927,"Lee Dunn","San Jose",CA,2017-06-03,2,879.98,"Electra Cruiser Lux 1 - 2017","Cruisers Bicycles","Santa Cruz Bikes","Mireya Copeland"
927,"Lee Dunn","San Jose",CA,2017-06-03,2,1199.98,"Electra Townie Original 7D EQ - 2016","Cruisers Bicycles","Santa Cruz Bikes","Mireya Copeland"
927,"Lee Dunn","San Jose",CA,2017-06-03,1,5999.99,"Trek Silque SLR 7 Women's - 2017","Road Bikes","Santa Cruz Bikes","Mireya Copeland"
927,"Lee Dunn","San Jose",CA,2017-06-03,1,999.99,"Surly Wednesday Frameset - 2016","Mountain Bikes","Santa Cruz Bikes","Mireya Copeland"
927,"Lee Dunn","San Jose",CA,2017-06-03,1,5299.99,"Trek Fuel EX 9.8 27.5 Plus - 2017","Mountain Bikes","Santa Cruz Bikes","Mireya Copeland"
928,"Stephen Vega",Anaheim,CA,2017-06-05,2,833.98,"Sun Bicycles Atlas X-Type - 2017","Cruisers Bicycles","Santa Cruz Bikes","Genna Serrano"
928,"Stephen Vega",Anaheim,CA,2017-06-05,1,149.99,"Trek Boy's Kickster - 2015/2017","Children Bicycles","Santa Cruz Bikes","Genna Serrano"
940,"Chasidy Webster",Rocklin,CA,2017-06-12,2,1199.98,"Electra Cruiser Lux Fat Tire 1 Ladies - 2017","Cruisers Bicycles","Santa Cruz Bikes","Mireya Copeland"
941,"Genny Hensley","Redondo Beach",CA,2017-06-12,1,499.99,"Electra Townie Original 7D - 2015/2016","Comfort Bicycles","Santa Cruz Bikes","Mireya Copeland"
941,"Genny Hensley","Redondo Beach",CA,2017-06-12,2,979.98,"Electra Townie Original 7D - 2017","Comfort Bicycles","Santa Cruz Bikes","Mireya Copeland"
941,"Genny Hensley","Redondo Beach",CA,2017-06-12,2,3361.98,"Surly Straggler 650b - 2016","Cyclocross Bicycles","Santa Cruz Bikes","Mireya Copeland"
944,"Jone Bernard",Anaheim,CA,2017-06-14,2,1999.98,"Trek X-Caliber 8 - 2017","Mountain Bikes","Santa Cruz Bikes","Genna Serrano"
944,"Jone Bernard",Anaheim,CA,2017-06-14,2,1199.98,"Electra Townie Original 7D EQ - 2016","Cruisers Bicycles","Santa Cruz Bikes","Genna Serrano"
944,"Jone Bernard",Anaheim,CA,2017-06-14,2,1319.98,"Electra Amsterdam Original 3i - 2015/2017","Cruisers Bicycles","Santa Cruz Bikes","Genna Serrano"
944,"Jone Bernard",Anaheim,CA,2017-06-14,2,659.98,"Haro Downtown 16 - 2017","Children Bicycles","Santa Cruz Bikes","Genna Serrano"
944,"Jone Bernard",Anaheim,CA,2017-06-14,2,833.98,"Sun Bicycles Cruz 7 - 2017","Cruisers Bicycles","Santa Cruz Bikes","Genna Serrano"
947,"Myesha Burgess",Campbell,CA,2017-06-15,1,469.99,"Trek Farley Alloy Frameset - 2017","Mountain Bikes","Santa Cruz Bikes","Genna Serrano"
947,"Myesha Burgess",Campbell,CA,2017-06-15,2,4599.98,"Trek Fuel EX 5 27.5 Plus - 2017","Mountain Bikes","Santa Cruz Bikes","Genna Serrano"
947,"Myesha Burgess",Campbell,CA,2017-06-15,1,539.99,"Haro SR 1.1 - 2017","Mountain Bikes","Santa Cruz Bikes","Genna Serrano"
949,"Rosalva Hamilton",Campbell,CA,2017-06-16,2,5999.98,"Trek Conduit+ - 2016","Electric Bikes","Santa Cruz Bikes","Genna Serrano"
949,"Rosalva Hamilton",Campbell,CA,2017-06-16,2,5399.98,"Trek Domane S 6 - 2017","Road Bikes","Santa Cruz Bikes","Genna Serrano"
958,"Shona Mcmillan","Apple Valley",CA,2017-06-18,1,6499.99,"Trek Silque SLR 8 Women's - 2017","Road Bikes","Santa Cruz Bikes","Mireya Copeland"
958,"Shona Mcmillan","Apple Valley",CA,2017-06-18,1,299.99,"Electra Girl's Hawaii 1 16" - 2017","Cruisers Bicycles","Santa Cruz Bikes","Mireya Copeland"
961,"Lizzie Joyner",Coachella,CA,2017-06-19,1,533.99,"Sun Bicycles Streamway 7 - 2017","Comfort Bicycles","Santa Cruz Bikes","Mireya Copeland"
961,"Lizzie Joyner",Coachella,CA,2017-06-19,2,10599.98,"Trek Remedy 9.8 - 2017","Mountain Bikes","Santa Cruz Bikes","Mireya Copeland"
961,"Lizzie Joyner",Coachella,CA,2017-06-19,2,693.98,"Sun Bicycles Lil Bolt Type-R - 2017","Cruisers Bicycles","Santa Cruz Bikes","Mireya Copeland"
987,"Jeanie Kirkland","Santa Clara",CA,2017-07-02,2,12999.98,"Trek Silque SLR 8 Women's - 2017","Road Bikes","Santa Cruz Bikes","Mireya Copeland"
987,"Jeanie Kirkland","Santa Clara",CA,2017-07-02,2,3119.98,"Sun Bicycles ElectroLite - 2017","Electric Bikes","Santa Cruz Bikes","Mireya Copeland"
987,"Jeanie Kirkland","Santa Clara",CA,2017-07-02,1,761.99,"Sun Bicycles Brickell Tandem CB - 2017","Cruisers Bicycles","Santa Cruz Bikes","Mireya Copeland"
991,"Hermila Mckay",Coachella,CA,2017-07-06,2,5999.98,"Trek Conduit+ - 2016","Electric Bikes","Santa Cruz Bikes","Mireya Copeland"
991,"Hermila Mckay",Coachella,CA,2017-07-06,1,402.99,"Sun Bicycles Boardwalk (24-inch Wheels) - 2017","Cruisers Bicycles","Santa Cruz Bikes","Mireya Copeland"
991,"Hermila Mckay",Coachella,CA,2017-07-06,1,469.99,"Trek Session DH 27.5 Carbon Frameset - 2017","Mountain Bikes","Santa Cruz Bikes","Mireya Copeland"
993,"Harold O'connor","Santa Cruz",CA,2017-07-09,1,4999.99,"Trek Madone 9.2 - 2017","Road Bikes","Santa Cruz Bikes","Genna Serrano"
993,"Harold O'connor","Santa Cruz",CA,2017-07-09,2,1665.98,"Surly Troll Frameset - 2017","Mountain Bikes","Santa Cruz Bikes","Genna Serrano"
993,"Harold O'connor","Santa Cruz",CA,2017-07-09,2,3098.00,"Surly Straggler - 2016","Cyclocross Bicycles","Santa Cruz Bikes","Genna Serrano"
993,"Harold O'connor","Santa Cruz",CA,2017-07-09,2,599.98,"Electra Sugar Skulls 1 (20-inch) - Girl's - 2017","Children Bicycles","Santa Cruz Bikes","Genna Serrano"
993,"Harold O'connor","Santa Cruz",CA,2017-07-09,2,805.98,"Sun Bicycles Boardwalk (24-inch Wheels) - 2017","Cruisers Bicycles","Santa Cruz Bikes","Genna Serrano"
995,"Basil Ballard","San Lorenzo",CA,2017-07-11,2,1199.98,"Electra Townie Original 7D EQ - 2016","Cruisers Bicycles","Santa Cruz Bikes","Mireya Copeland"
995,"Basil Ballard","San Lorenzo",CA,2017-07-11,1,209.99,"Trek Precaliber 16 Girls - 2017","Children Bicycles","Santa Cruz Bikes","Mireya Copeland"
995,"Basil Ballard","San Lorenzo",CA,2017-07-11,1,339.99,"Electra Townie 7D (20-inch) - Boys' - 2017","Children Bicycles","Santa Cruz Bikes","Mireya Copeland"
996,"Beryl Bennett",Sacramento,CA,2017-07-11,2,899.98,"Sun Bicycles Cruz 3 - 2017","Cruisers Bicycles","Santa Cruz Bikes","Mireya Copeland"
996,"Beryl Bennett",Sacramento,CA,2017-07-11,1,469.99,"Trek Farley Alloy Frameset - 2017","Mountain Bikes","Santa Cruz Bikes","Mireya Copeland"
1002,"Penni Best",Anaheim,CA,2017-07-14,1,489.99,"Electra Townie 3i EQ (20-inch) - Boys' - 2017","Children Bicycles","Santa Cruz Bikes","Genna Serrano"
1002,"Penni Best",Anaheim,CA,2017-07-14,1,149.99,"Trek Boy's Kickster - 2015/2017","Children Bicycles","Santa Cruz Bikes","Genna Serrano"
1002,"Penni Best",Anaheim,CA,2017-07-14,2,3599.98,"Trek Remedy 29 Carbon Frameset - 2016","Mountain Bikes","Santa Cruz Bikes","Genna Serrano"
1002,"Penni Best",Anaheim,CA,2017-07-14,1,402.99,"Sun Bicycles Boardwalk (24-inch Wheels) - 2017","Cruisers Bicycles","Santa Cruz Bikes","Genna Serrano"
1011,"Travis Goodman","Los Banos",CA,2017-07-18,1,189.99,"Trek Precaliber 12 Girls - 2017","Children Bicycles","Santa Cruz Bikes","Genna Serrano"
1011,"Travis Goodman","Los Banos",CA,2017-07-18,2,599.98,"Electra Sugar Skulls 1 (20-inch) - Girl's - 2017","Children Bicycles","Santa Cruz Bikes","Genna Serrano"
1011,"Travis Goodman","Los Banos",CA,2017-07-18,2,1199.98,"Electra Townie Original 7D EQ - 2016","Cruisers Bicycles","Santa Cruz Bikes","Genna Serrano"
1011,"Travis Goodman","Los Banos",CA,2017-07-18,2,899.98,"Sun Bicycles Cruz 3 - 2017","Cruisers Bicycles","Santa Cruz Bikes","Genna Serrano"
1026,"Rona Rojas","San Jose",CA,2017-07-26,2,7999.98,"Trek Slash 8 27.5 - 2016","Mountain Bikes","Santa Cruz Bikes","Mireya Copeland"
1029,"Dannette Guerrero","San Pablo",CA,2017-07-29,1,599.99,"Electra Townie Original 7D EQ - Women's - 2016","Cruisers Bicycles","Santa Cruz Bikes","Genna Serrano"
1029,"Dannette Guerrero","San Pablo",CA,2017-07-29,1,2699.99,"Trek Domane S 6 - 2017","Road Bikes","Santa Cruz Bikes","Genna Serrano"
1029,"Dannette Guerrero","San Pablo",CA,2017-07-29,1,4999.99,"Trek Fuel EX 9.8 29 - 2017","Mountain Bikes","Santa Cruz Bikes","Genna Serrano"
1029,"Dannette Guerrero","San Pablo",CA,2017-07-29,2,899.98,"Sun Bicycles Cruz 3 - 2017","Cruisers Bicycles","Santa Cruz Bikes","Genna Serrano"
1031,"Shea Howell","South El Monte",CA,2017-07-30,2,1999.98,"Surly Big Dummy Frameset - 2017","Mountain Bikes","Santa Cruz Bikes","Mireya Copeland"
1031,"Shea Howell","South El Monte",CA,2017-07-30,2,899.98,"Sun Bicycles Cruz 3 - Women's - 2017","Comfort Bicycles","Santa Cruz Bikes","Mireya Copeland"
1040,"Mellisa Griffin","Los Banos",CA,2017-08-04,1,349.99,"Electra Savannah 3i (20-inch) - Girl's - 2017","Children Bicycles","Santa Cruz Bikes","Mireya Copeland"
1040,"Mellisa Griffin","Los Banos",CA,2017-08-04,2,4999.98,"Surly Karate Monkey 27.5+ Frameset - 2017","Mountain Bikes","Santa Cruz Bikes","Mireya Copeland"
1040,"Mellisa Griffin","Los Banos",CA,2017-08-04,1,489.99,"Electra Townie Original 7D - 2017","Cruisers Bicycles","Santa Cruz Bikes","Mireya Copeland"
1040,"Mellisa Griffin","Los Banos",CA,2017-08-04,2,1999.98,"Surly Big Dummy Frameset - 2017","Mountain Bikes","Santa Cruz Bikes","Mireya Copeland"
1040,"Mellisa Griffin","Los Banos",CA,2017-08-04,2,3599.98,"Trek Remedy 29 Carbon Frameset - 2016","Mountain Bikes","Santa Cruz Bikes","Mireya Copeland"
1049,"Dorine Roberson","Santa Cruz",CA,2017-08-09,1,2999.99,"Trek Conduit+ - 2016","Electric Bikes","Santa Cruz Bikes","Mireya Copeland"
1049,"Dorine Roberson","Santa Cruz",CA,2017-08-09,2,1665.98,"Surly Troll Frameset - 2017","Mountain Bikes","Santa Cruz Bikes","Mireya Copeland"
1049,"Dorine Roberson","Santa Cruz",CA,2017-08-09,1,999.99,"Surly Wednesday Frameset - 2016","Mountain Bikes","Santa Cruz Bikes","Mireya Copeland"
1049,"Dorine Roberson","Santa Cruz",CA,2017-08-09,1,599.99,"Electra Townie Original 7D EQ - 2016","Comfort Bicycles","Santa Cruz Bikes","Mireya Copeland"
1049,"Dorine Roberson","Santa Cruz",CA,2017-08-09,2,3098.00,"Surly Straggler - 2016","Cyclocross Bicycles","Santa Cruz Bikes","Mireya Copeland"
1050,"Felice Guzman","Canyon Country",CA,2017-08-09,2,699.98,"Electra Moto 3i (20-inch) - Boy's - 2017","Children Bicycles","Santa Cruz Bikes","Genna Serrano"
1050,"Felice Guzman","Canyon Country",CA,2017-08-09,2,599.98,"Electra Sugar Skulls 1 (20-inch) - Girl's - 2017","Children Bicycles","Santa Cruz Bikes","Genna Serrano"
1050,"Felice Guzman","Canyon Country",CA,2017-08-09,2,1739.98,"Haro SR 1.2 - 2017","Mountain Bikes","Santa Cruz Bikes","Genna Serrano"
1050,"Felice Guzman","Canyon Country",CA,2017-08-09,2,539.98,"Electra Girl's Hawaii 1 (16-inch) - 2015/2016","Cruisers Bicycles","Santa Cruz Bikes","Genna Serrano"
1072,"Bridgette Guerra","San Lorenzo",CA,2017-08-18,1,149.99,"Trek Boy's Kickster - 2015/2017","Children Bicycles","Santa Cruz Bikes","Genna Serrano"
1072,"Bridgette Guerra","San Lorenzo",CA,2017-08-18,2,419.98,"Trek Precaliber 16 Boys - 2017","Children Bicycles","Santa Cruz Bikes","Genna Serrano"
1072,"Bridgette Guerra","San Lorenzo",CA,2017-08-18,2,1665.98,"Surly Troll Frameset - 2017","Mountain Bikes","Santa Cruz Bikes","Genna Serrano"
1075,"Sharell Ross",Vista,CA,2017-08-19,2,2999.98,"Trek Emonda S 4 - 2017","Road Bikes","Santa Cruz Bikes","Genna Serrano"
1075,"Sharell Ross",Vista,CA,2017-08-19,2,941.98,"Sun Bicycles Drifter 7 - Women's - 2017","Comfort Bicycles","Santa Cruz Bikes","Genna Serrano"
1084,"Kasha Todd",Campbell,CA,2017-08-21,1,999.99,"Surly Ice Cream Truck Frameset - 2017","Mountain Bikes","Santa Cruz Bikes","Mireya Copeland"
1084,"Kasha Todd",Campbell,CA,2017-08-21,1,659.99,"Electra Amsterdam Original 3i - 2015/2017","Cruisers Bicycles","Santa Cruz Bikes","Mireya Copeland"
1084,"Kasha Todd",Campbell,CA,2017-08-21,2,979.98,"Electra Straight 8 3i (20-inch) - Boy's - 2017","Children Bicycles","Santa Cruz Bikes","Mireya Copeland"
1084,"Kasha Todd",Campbell,CA,2017-08-21,2,693.98,"Sun Bicycles Lil Bolt Type-R - 2017","Cruisers Bicycles","Santa Cruz Bikes","Mireya Copeland"
1084,"Kasha Todd",Campbell,CA,2017-08-21,1,1559.99,"Sun Bicycles ElectroLite - 2017","Electric Bikes","Santa Cruz Bikes","Mireya Copeland"
1085,"Hope Cotton","Redondo Beach",CA,2017-08-21,2,501.98,"Sun Bicycles Revolutions 24 - 2017","Cruisers Bicycles","Santa Cruz Bikes","Genna Serrano"
1085,"Hope Cotton","Redondo Beach",CA,2017-08-21,1,489.99,"Electra Townie Original 7D - 2017","Cruisers Bicycles","Santa Cruz Bikes","Genna Serrano"
1085,"Hope Cotton","Redondo Beach",CA,2017-08-21,1,439.99,"Electra Cruiser Lux 1 - 2017","Cruisers Bicycles","Santa Cruz Bikes","Genna Serrano"
1089,"Monika Berg",Encino,CA,2017-08-23,2,1319.98,"Electra Amsterdam Original 3i - 2015/2017","Cruisers Bicycles","Santa Cruz Bikes","Mireya Copeland"
1089,"Monika Berg",Encino,CA,2017-08-23,2,1999.98,"Surly Ice Cream Truck Frameset - 2017","Mountain Bikes","Santa Cruz Bikes","Mireya Copeland"
1090,"Mikel Wilkerson",Atwater,CA,2017-08-24,1,439.99,"Electra Cruiser Lux 1 - 2017","Cruisers Bicycles","Santa Cruz Bikes","Mireya Copeland"
1092,"Ronna Butler",Encino,CA,2017-08-25,1,469.99,"Trek Session DH 27.5 Carbon Frameset - 2017","Mountain Bikes","Santa Cruz Bikes","Mireya Copeland"
1092,"Ronna Butler",Encino,CA,2017-08-25,2,1999.98,"Surly Ice Cream Truck Frameset - 2017","Mountain Bikes","Santa Cruz Bikes","Mireya Copeland"
1092,"Ronna Butler",Encino,CA,2017-08-25,2,1499.98,"Ritchey Timberwolf Frameset - 2016","Mountain Bikes","Santa Cruz Bikes","Mireya Copeland"
1092,"Ronna Butler",Encino,CA,2017-08-25,1,449.00,"Pure Cycles Western 3-Speed - Women's - 2015/2016","Cruisers Bicycles","Santa Cruz Bikes","Mireya Copeland"
1093,"Shiela Calderon",Rocklin,CA,2017-08-25,2,1739.98,"Haro SR 1.2 - 2017","Mountain Bikes","Santa Cruz Bikes","Genna Serrano"
1093,"Shiela Calderon",Rocklin,CA,2017-08-25,2,858.00,"Pure Cycles Vine 8-Speed - 2016","Cruisers Bicycles","Santa Cruz Bikes","Genna Serrano"
1093,"Shiela Calderon",Rocklin,CA,2017-08-25,2,419.98,"Trek Precaliber 16 Girls - 2017","Children Bicycles","Santa Cruz Bikes","Genna Serrano"
1096,"Jeffry Church",Pleasanton,CA,2017-08-27,1,1680.99,"Surly Straggler 650b - 2016","Cyclocross Bicycles","Santa Cruz Bikes","Mireya Copeland"
1098,"Lloyd Miranda",Encino,CA,2017-08-28,1,189.99,"Trek Precaliber 12 Girls - 2017","Children Bicycles","Santa Cruz Bikes","Mireya Copeland"
1108,"Aide Franco",Atwater,CA,2017-09-03,2,1739.98,"Haro SR 1.2 - 2017","Mountain Bikes","Santa Cruz Bikes","Genna Serrano"
1108,"Aide Franco",Atwater,CA,2017-09-03,1,489.99,"Electra Townie 3i EQ (20-inch) - Boys' - 2017","Children Bicycles","Santa Cruz Bikes","Genna Serrano"
1108,"Aide Franco",Atwater,CA,2017-09-03,1,533.99,"Sun Bicycles Streamway 7 - 2017","Comfort Bicycles","Santa Cruz Bikes","Genna Serrano"
1119,"Oralia Farley",Upland,CA,2017-09-10,2,419.98,"Haro Shredder 20 Girls - 2017","Children Bicycles","Santa Cruz Bikes","Mireya Copeland"
1119,"Oralia Farley",Upland,CA,2017-09-10,2,5399.98,"Trek Domane S 6 - 2017","Road Bikes","Santa Cruz Bikes","Mireya Copeland"
1119,"Oralia Farley",Upland,CA,2017-09-10,1,481.99,"Sun Bicycles Streamway - 2017","Comfort Bicycles","Santa Cruz Bikes","Mireya Copeland"
1130,"Katelin Kennedy",Rocklin,CA,2017-09-18,2,6399.98,"Trek Domane SL Disc Frameset - 2017","Road Bikes","Santa Cruz Bikes","Genna Serrano"
1131,"Wendie Nash",Oxnard,CA,2017-09-18,2,3119.98,"Sun Bicycles ElectroLite - 2017","Electric Bikes","Santa Cruz Bikes","Genna Serrano"
1131,"Wendie Nash",Oxnard,CA,2017-09-18,2,1103.98,"Sun Bicycles Streamway 3 - 2017","Comfort Bicycles","Santa Cruz Bikes","Genna Serrano"
1138,"Cristobal Hutchinson",Lawndale,CA,2017-09-21,2,539.98,"Electra Cruiser 1 (24-Inch) - 2016","Cruisers Bicycles","Santa Cruz Bikes","Mireya Copeland"
1138,"Cristobal Hutchinson",Lawndale,CA,2017-09-21,2,1067.98,"Sun Bicycles Streamway 7 - 2017","Comfort Bicycles","Santa Cruz Bikes","Mireya Copeland"
1138,"Cristobal Hutchinson",Lawndale,CA,2017-09-21,1,209.99,"Haro Shredder 20 Girls - 2017","Children Bicycles","Santa Cruz Bikes","Mireya Copeland"
1139,"Marjory Leonard","Apple Valley",CA,2017-09-21,2,899.98,"Sun Bicycles Cruz 3 - 2017","Comfort Bicycles","Santa Cruz Bikes","Mireya Copeland"
1139,"Marjory Leonard","Apple Valley",CA,2017-09-21,2,1079.98,"Haro SR 1.1 - 2017","Mountain Bikes","Santa Cruz Bikes","Mireya Copeland"
1139,"Marjory Leonard","Apple Valley",CA,2017-09-21,1,416.99,"Sun Bicycles Cruz 7 - 2017","Cruisers Bicycles","Santa Cruz Bikes","Mireya Copeland"
1139,"Marjory Leonard","Apple Valley",CA,2017-09-21,2,999.98,"Electra Townie Original 7D - 2015/2016","Comfort Bicycles","Santa Cruz Bikes","Mireya Copeland"
1139,"Marjory Leonard","Apple Valley",CA,2017-09-21,1,3999.99,"Trek Slash 8 27.5 - 2016","Mountain Bikes","Santa Cruz Bikes","Mireya Copeland"
1141,"Sherise Mercer",Vista,CA,2017-09-22,1,1799.99,"Trek Remedy 29 Carbon Frameset - 2016","Mountain Bikes","Santa Cruz Bikes","Mireya Copeland"
1142,"Hilde Nieves",Campbell,CA,2017-09-23,2,1199.98,"Electra Townie Original 7D EQ - Women's - 2016","Cruisers Bicycles","Santa Cruz Bikes","Genna Serrano"
1142,"Hilde Nieves",Campbell,CA,2017-09-23,1,999.99,"Surly Ice Cream Truck Frameset - 2017","Mountain Bikes","Santa Cruz Bikes","Genna Serrano"
1142,"Hilde Nieves",Campbell,CA,2017-09-23,2,833.98,"Sun Bicycles Cruz 7 - Women's - 2017","Comfort Bicycles","Santa Cruz Bikes","Genna Serrano"
1142,"Hilde Nieves",Campbell,CA,2017-09-23,2,899.98,"Sun Bicycles Cruz 3 - Women's - 2017","Comfort Bicycles","Santa Cruz Bikes","Genna Serrano"
1142,"Hilde Nieves",Campbell,CA,2017-09-23,2,979.98,"Electra Townie 3i EQ (20-inch) - Boys' - 2017","Children Bicycles","Santa Cruz Bikes","Genna Serrano"
1143,"Willow Gardner",Pleasanton,CA,2017-09-24,1,299.99,"Electra Sugar Skulls 1 (20-inch) - Girl's - 2017","Children Bicycles","Santa Cruz Bikes","Mireya Copeland"
1143,"Willow Gardner",Pleasanton,CA,2017-09-24,1,1499.99,"Trek Emonda S 4 - 2017","Road Bikes","Santa Cruz Bikes","Mireya Copeland"
1143,"Willow Gardner",Pleasanton,CA,2017-09-24,2,833.98,"Sun Bicycles Cruz 7 - 2017","Cruisers Bicycles","Santa Cruz Bikes","Mireya Copeland"
1151,"Majorie Glover","Apple Valley",CA,2017-09-29,2,1999.98,"Surly Ice Cream Truck Frameset - 2017","Mountain Bikes","Santa Cruz Bikes","Genna Serrano"
1157,"Corene Wall",Atwater,CA,2017-10-01,1,599.99,"Electra Townie Original 7D EQ - Women's - 2016","Cruisers Bicycles","Santa Cruz Bikes","Genna Serrano"
1157,"Corene Wall",Atwater,CA,2017-10-01,2,3265.98,"Surly Wednesday - 2017","Mountain Bikes","Santa Cruz Bikes","Genna Serrano"
1157,"Corene Wall",Atwater,CA,2017-10-01,2,759.98,"Haro Flightline One ST - 2017","Mountain Bikes","Santa Cruz Bikes","Genna Serrano"
1157,"Corene Wall",Atwater,CA,2017-10-01,1,1469.99,"Haro Shift R3 - 2017","Mountain Bikes","Santa Cruz Bikes","Genna Serrano"
1158,"Lucilla Williams","San Carlos",CA,2017-10-01,2,599.98,"Electra Girl's Hawaii 1 16" - 2017","Children Bicycles","Santa Cruz Bikes","Mireya Copeland"
1158,"Lucilla Williams","San Carlos",CA,2017-10-01,1,439.99,"Electra Cruiser Lux 1 - 2017","Cruisers Bicycles","Santa Cruz Bikes","Mireya Copeland"
1159,"Joy Underwood","Apple Valley",CA,2017-10-01,2,1099.98,"Electra Townie Original 21D - 2016","Cruisers Bicycles","Santa Cruz Bikes","Genna Serrano"
1160,"Brianne Hays","San Pablo",CA,2017-10-01,1,1469.99,"Haro Shift R3 - 2017","Mountain Bikes","Santa Cruz Bikes","Mireya Copeland"
1160,"Brianne Hays","San Pablo",CA,2017-10-01,1,2999.99,"Trek Conduit+ - 2016","Electric Bikes","Santa Cruz Bikes","Mireya Copeland"
1167,"Jule Davenport","San Carlos",CA,2017-10-04,2,1999.98,"Trek X-Caliber 8 - 2017","Mountain Bikes","Santa Cruz Bikes","Mireya Copeland"
1167,"Jule Davenport","San Carlos",CA,2017-10-04,2,2199.98,"Electra Amsterdam Fashion 7i Ladies' - 2017","Cruisers Bicycles","Santa Cruz Bikes","Mireya Copeland"
1167,"Jule Davenport","San Carlos",CA,2017-10-04,1,449.99,"Sun Bicycles Cruz 3 - 2017","Cruisers Bicycles","Santa Cruz Bikes","Mireya Copeland"
1180,"Desiree Branch","San Lorenzo",CA,2017-10-13,2,501.98,"Sun Bicycles Revolutions 24 - 2017","Cruisers Bicycles","Santa Cruz Bikes","Genna Serrano"
1194,"Bong Hebert",Torrance,CA,2017-10-19,1,416.99,"Sun Bicycles Atlas X-Type - 2017","Cruisers Bicycles","Santa Cruz Bikes","Mireya Copeland"
1194,"Bong Hebert",Torrance,CA,2017-10-19,2,7999.98,"Trek Slash 8 27.5 - 2016","Mountain Bikes","Santa Cruz Bikes","Mireya Copeland"
1194,"Bong Hebert",Torrance,CA,2017-10-19,2,1067.98,"Sun Bicycles Streamway 7 - 2017","Comfort Bicycles","Santa Cruz Bikes","Mireya Copeland"
1194,"Bong Hebert",Torrance,CA,2017-10-19,1,109.99,"Sun Bicycles Lil Kitt'n - 2017","Children Bicycles","Santa Cruz Bikes","Mireya Copeland"
1199,"Eliz Whitney",Fullerton,CA,2017-10-23,1,469.99,"Trek Farley Alloy Frameset - 2017","Mountain Bikes","Santa Cruz Bikes","Mireya Copeland"
1199,"Eliz Whitney",Fullerton,CA,2017-10-23,2,499.98,"Haro Shredder Pro 20 - 2017","Children Bicycles","Santa Cruz Bikes","Mireya Copeland"
1199,"Eliz Whitney",Fullerton,CA,2017-10-23,2,833.98,"Sun Bicycles Cruz 7 - Women's - 2017","Comfort Bicycles","Santa Cruz Bikes","Mireya Copeland"
1205,"Risa Gallagher",Rocklin,CA,2017-10-26,2,1067.98,"Sun Bicycles Streamway 7 - 2017","Comfort Bicycles","Santa Cruz Bikes","Mireya Copeland"
1205,"Risa Gallagher",Rocklin,CA,2017-10-26,2,2819.98,"Haro SR 1.3 - 2017","Mountain Bikes","Santa Cruz Bikes","Mireya Copeland"
1205,"Risa Gallagher",Rocklin,CA,2017-10-26,1,416.99,"Sun Bicycles Atlas X-Type - 2017","Cruisers Bicycles","Santa Cruz Bikes","Mireya Copeland"
1205,"Risa Gallagher",Rocklin,CA,2017-10-26,2,805.98,"Sun Bicycles Boardwalk (24-inch Wheels) - 2017","Cruisers Bicycles","Santa Cruz Bikes","Mireya Copeland"
1205,"Risa Gallagher",Rocklin,CA,2017-10-26,1,209.99,"Haro Shredder 20 - 2017","Children Bicycles","Santa Cruz Bikes","Mireya Copeland"
1218,"Philip Bryan",Oakland,CA,2017-10-30,1,469.99,"Trek Farley Alloy Frameset - 2017","Mountain Bikes","Santa Cruz Bikes","Mireya Copeland"
1218,"Philip Bryan",Oakland,CA,2017-10-30,2,979.98,"Electra Townie Original 7D - 2017","Comfort Bicycles","Santa Cruz Bikes","Mireya Copeland"
1225,"Yvone Yates","San Pablo",CA,2017-11-04,1,1099.99,"Electra Amsterdam Fashion 7i Ladies' - 2017","Cruisers Bicycles","Santa Cruz Bikes","Mireya Copeland"
1225,"Yvone Yates","San Pablo",CA,2017-11-04,2,5199.98,"Trek Domane S 5 Disc - 2017","Road Bikes","Santa Cruz Bikes","Mireya Copeland"
1225,"Yvone Yates","San Pablo",CA,2017-11-04,2,939.98,"Surly Ice Cream Truck Frameset - 2016","Mountain Bikes","Santa Cruz Bikes","Mireya Copeland"
1229,"Arvilla Osborn",Upland,CA,2017-11-05,2,1665.98,"Surly Troll Frameset - 2017","Mountain Bikes","Santa Cruz Bikes","Genna Serrano"
1229,"Arvilla Osborn",Upland,CA,2017-11-05,2,9999.98,"Trek Powerfly 8 FS Plus - 2017","Electric Bikes","Santa Cruz Bikes","Genna Serrano"
1232,"Stacie Sims",Oakland,CA,2017-11-06,2,5799.98,"Trek Fuel EX 8 29 - 2016","Mountain Bikes","Santa Cruz Bikes","Genna Serrano"
1232,"Stacie Sims",Oakland,CA,2017-11-06,2,941.98,"Sun Bicycles Drifter 7 - 2017","Comfort Bicycles","Santa Cruz Bikes","Genna Serrano"
1232,"Stacie Sims",Oakland,CA,2017-11-06,2,939.98,"Surly Ice Cream Truck Frameset - 2016","Mountain Bikes","Santa Cruz Bikes","Genna Serrano"
1237,"Kaley Blanchard","Palos Verdes Peninsula",CA,2017-11-09,1,299.99,"Electra Girl's Hawaii 1 (20-inch) - 2015/2016","Children Bicycles","Santa Cruz Bikes","Mireya Copeland"
1237,"Kaley Blanchard","Palos Verdes Peninsula",CA,2017-11-09,2,379.98,"Trek Precaliber 12 Boys - 2017","Children Bicycles","Santa Cruz Bikes","Mireya Copeland"
1237,"Kaley Blanchard","Palos Verdes Peninsula",CA,2017-11-09,2,599.98,"Electra Girl's Hawaii 1 16" - 2017","Children Bicycles","Santa Cruz Bikes","Mireya Copeland"
1237,"Kaley Blanchard","Palos Verdes Peninsula",CA,2017-11-09,2,5399.98,"Trek Domane S 6 - 2017","Road Bikes","Santa Cruz Bikes","Mireya Copeland"
1237,"Kaley Blanchard","Palos Verdes Peninsula",CA,2017-11-09,1,499.99,"Electra Townie Original 7D - 2015/2016","Comfort Bicycles","Santa Cruz Bikes","Mireya Copeland"
1247,"Daisy Ward",Pomona,CA,2017-11-16,2,1059.98,"Electra Moto 1 - 2016","Cruisers Bicycles","Santa Cruz Bikes","Mireya Copeland"
1247,"Daisy Ward",Pomona,CA,2017-11-16,2,4999.98,"Surly Karate Monkey 27.5+ Frameset - 2017","Mountain Bikes","Santa Cruz Bikes","Mireya Copeland"
1247,"Daisy Ward",Pomona,CA,2017-11-16,1,599.99,"Electra Townie Original 7D EQ - 2016","Comfort Bicycles","Santa Cruz Bikes","Mireya Copeland"
1248,"Lucile Manning",Campbell,CA,2017-11-16,2,499.98,"Haro Shredder Pro 20 - 2017","Children Bicycles","Santa Cruz Bikes","Genna Serrano"
1248,"Lucile Manning",Campbell,CA,2017-11-16,2,939.98,"Surly Wednesday Frameset - 2017","Mountain Bikes","Santa Cruz Bikes","Genna Serrano"
1248,"Lucile Manning",Campbell,CA,2017-11-16,1,209.99,"Haro Shredder 20 - 2017","Children Bicycles","Santa Cruz Bikes","Genna Serrano"
1248,"Lucile Manning",Campbell,CA,2017-11-16,1,549.99,"Electra Townie Original 21D - 2016","Cruisers Bicycles","Santa Cruz Bikes","Genna Serrano"
1252,"Ollie Zimmerman",Anaheim,CA,2017-11-18,1,402.99,"Sun Bicycles Boardwalk (24-inch Wheels) - 2017","Cruisers Bicycles","Santa Cruz Bikes","Genna Serrano"
1252,"Ollie Zimmerman",Anaheim,CA,2017-11-18,1,109.99,"Sun Bicycles Lil Kitt'n - 2017","Children Bicycles","Santa Cruz Bikes","Genna Serrano"
1252,"Ollie Zimmerman",Anaheim,CA,2017-11-18,2,3999.98,"Trek Emonda S 5 - 2017","Road Bikes","Santa Cruz Bikes","Genna Serrano"
1268,"Nenita Mooney",Lawndale,CA,2017-11-26,2,899.98,"Sun Bicycles Cruz 3 - 2017","Cruisers Bicycles","Santa Cruz Bikes","Genna Serrano"
1268,"Nenita Mooney",Lawndale,CA,2017-11-26,2,379.98,"Trek Precaliber 12 Boys - 2017","Children Bicycles","Santa Cruz Bikes","Genna Serrano"
1268,"Nenita Mooney",Lawndale,CA,2017-11-26,2,5199.98,"Trek Domane S 5 Disc - 2017","Road Bikes","Santa Cruz Bikes","Genna Serrano"
1268,"Nenita Mooney",Lawndale,CA,2017-11-26,1,489.99,"Electra Townie 3i EQ (20-inch) - Boys' - 2017","Children Bicycles","Santa Cruz Bikes","Genna Serrano"
1275,"Jeromy Burch","San Jose",CA,2017-11-29,1,4999.99,"Trek Madone 9.2 - 2017","Road Bikes","Santa Cruz Bikes","Mireya Copeland"
1275,"Jeromy Burch","San Jose",CA,2017-11-29,1,999.99,"Surly Ice Cream Truck Frameset - 2017","Mountain Bikes","Santa Cruz Bikes","Mireya Copeland"
1287,"Justina Long","South El Monte",CA,2017-12-07,2,1999.98,"Surly Big Dummy Frameset - 2017","Mountain Bikes","Santa Cruz Bikes","Genna Serrano"
1287,"Justina Long","South El Monte",CA,2017-12-07,2,6999.98,"Trek Boone 7 - 2017","Cyclocross Bicycles","Santa Cruz Bikes","Genna Serrano"
1287,"Justina Long","South El Monte",CA,2017-12-07,1,551.99,"Sun Bicycles Streamway 3 - 2017","Comfort Bicycles","Santa Cruz Bikes","Genna Serrano"
1287,"Justina Long","South El Monte",CA,2017-12-07,2,979.98,"Electra Townie 3i EQ (20-inch) - Boys' - 2017","Children Bicycles","Santa Cruz Bikes","Genna Serrano"
1289,"Lakenya Oliver","San Lorenzo",CA,2017-12-08,1,209.99,"Trek Precaliber 16 Boys - 2017","Children Bicycles","Santa Cruz Bikes","Genna Serrano"
1289,"Lakenya Oliver","San Lorenzo",CA,2017-12-08,1,999.99,"Surly Wednesday Frameset - 2016","Mountain Bikes","Santa Cruz Bikes","Genna Serrano"
1294,"Angele Castro","Palos Verdes Peninsula",CA,2017-12-11,2,599.98,"Electra Girl's Hawaii 1 16" - 2017","Children Bicycles","Santa Cruz Bikes","Mireya Copeland"
1294,"Angele Castro","Palos Verdes Peninsula",CA,2017-12-11,1,539.99,"Haro SR 1.1 - 2017","Mountain Bikes","Santa Cruz Bikes","Mireya Copeland"
1296,"Jenee Rasmussen",Sacramento,CA,2017-12-14,2,999.98,"Electra Townie Original 7D - 2015/2016","Comfort Bicycles","Santa Cruz Bikes","Genna Serrano"
1296,"Jenee Rasmussen",Sacramento,CA,2017-12-14,1,209.99,"Trek Precaliber 16 Girls - 2017","Children Bicycles","Santa Cruz Bikes","Genna Serrano"
1296,"Jenee Rasmussen",Sacramento,CA,2017-12-14,1,599.99,"Electra Townie Original 7D EQ - 2016","Cruisers Bicycles","Santa Cruz Bikes","Genna Serrano"
1296,"Jenee Rasmussen",Sacramento,CA,2017-12-14,2,1499.98,"Ritchey Timberwolf Frameset - 2016","Mountain Bikes","Santa Cruz Bikes","Genna Serrano"
1299,"Elvina Gates",Pleasanton,CA,2017-12-15,2,539.98,"Electra Girl's Hawaii 1 (16-inch) - 2015/2016","Cruisers Bicycles","Santa Cruz Bikes","Mireya Copeland"
1299,"Elvina Gates",Pleasanton,CA,2017-12-15,1,339.99,"Electra Townie 7D (20-inch) - Boys' - 2017","Children Bicycles","Santa Cruz Bikes","Mireya Copeland"
1299,"Elvina Gates",Pleasanton,CA,2017-12-15,1,599.99,"Electra Cruiser Lux Fat Tire 1 Ladies - 2017","Cruisers Bicycles","Santa Cruz Bikes","Mireya Copeland"
1299,"Elvina Gates",Pleasanton,CA,2017-12-15,2,1751.98,"Surly Steamroller - 2017","Road Bikes","Santa Cruz Bikes","Mireya Copeland"
1301,"Jane Henderson","Apple Valley",CA,2017-12-16,2,1739.98,"Haro SR 1.2 - 2017","Mountain Bikes","Santa Cruz Bikes","Genna Serrano"
1301,"Jane Henderson","Apple Valley",CA,2017-12-16,2,1067.98,"Sun Bicycles Streamway 7 - 2017","Comfort Bicycles","Santa Cruz Bikes","Genna Serrano"
1301,"Jane Henderson","Apple Valley",CA,2017-12-16,1,1799.99,"Trek Remedy 29 Carbon Frameset - 2016","Mountain Bikes","Santa Cruz Bikes","Genna Serrano"
1307,"Elmo Sweeney","San Carlos",CA,2017-12-22,2,699.98,"Electra Moto 3i (20-inch) - Boy's - 2017","Children Bicycles","Santa Cruz Bikes","Mireya Copeland"
1307,"Elmo Sweeney","San Carlos",CA,2017-12-22,2,1499.98,"Surly Ogre Frameset - 2017","Road Bikes","Santa Cruz Bikes","Mireya Copeland"
1307,"Elmo Sweeney","San Carlos",CA,2017-12-22,2,833.98,"Sun Bicycles Cruz 7 - 2017","Cruisers Bicycles","Santa Cruz Bikes","Mireya Copeland"
1310,"Caridad Compton","San Lorenzo",CA,2017-12-24,1,2599.99,"Trek Domane S 5 Disc - 2017","Road Bikes","Santa Cruz Bikes","Genna Serrano"
1310,"Caridad Compton","San Lorenzo",CA,2017-12-24,2,1599.98,"Electra Glam Punk 3i Ladies' - 2017","Cruisers Bicycles","Santa Cruz Bikes","Genna Serrano"
1310,"Caridad Compton","San Lorenzo",CA,2017-12-24,2,3361.98,"Surly Straggler 650b - 2016","Cyclocross Bicycles","Santa Cruz Bikes","Genna Serrano"
1310,"Caridad Compton","San Lorenzo",CA,2017-12-24,1,3199.99,"Trek Domane SL Disc Frameset - 2017","Road Bikes","Santa Cruz Bikes","Genna Serrano"
1312,"Charise Burt",Fresno,CA,2017-12-25,2,501.98,"Sun Bicycles Revolutions 24 - Girl's - 2017","Cruisers Bicycles","Santa Cruz Bikes","Genna Serrano"
1312,"Charise Burt",Fresno,CA,2017-12-25,1,269.99,"Electra Girl's Hawaii 1 (16-inch) - 2015/2016","Cruisers Bicycles","Santa Cruz Bikes","Genna Serrano"
1312,"Charise Burt",Fresno,CA,2017-12-25,1,599.99,"Electra Townie Original 7D EQ - Women's - 2016","Cruisers Bicycles","Santa Cruz Bikes","Genna Serrano"
1313,"Edith Davenport",Ontario,CA,2017-12-25,1,599.99,"Electra Cruiser Lux Fat Tire 1 Ladies - 2017","Cruisers Bicycles","Santa Cruz Bikes","Genna Serrano"
1313,"Edith Davenport",Ontario,CA,2017-12-25,1,469.99,"Surly Wednesday Frameset - 2017","Mountain Bikes","Santa Cruz Bikes","Genna Serrano"
1313,"Edith Davenport",Ontario,CA,2017-12-25,1,416.99,"Sun Bicycles Cruz 7 - 2017","Cruisers Bicycles","Santa Cruz Bikes","Genna Serrano"
1316,"Sylvester Chan",Rocklin,CA,2017-12-26,2,599.98,"Electra Girl's Hawaii 1 16" - 2017","Cruisers Bicycles","Santa Cruz Bikes","Genna Serrano"
1316,"Sylvester Chan",Rocklin,CA,2017-12-26,1,209.99,"Trek Precaliber 16 Girls - 2017","Children Bicycles","Santa Cruz Bikes","Genna Serrano"
1317,"Georgeanna Webster",Oxnard,CA,2017-12-27,1,659.99,"Electra Amsterdam Original 3i Ladies' - 2017","Cruisers Bicycles","Santa Cruz Bikes","Genna Serrano"
1320,"Jessika Bray","San Pablo",CA,2017-12-28,1,481.99,"Sun Bicycles Streamway - 2017","Comfort Bicycles","Santa Cruz Bikes","Genna Serrano"
1320,"Jessika Bray","San Pablo",CA,2017-12-28,1,209.99,"Haro Shredder 20 Girls - 2017","Children Bicycles","Santa Cruz Bikes","Genna Serrano"
1320,"Jessika Bray","San Pablo",CA,2017-12-28,2,599.98,"Electra Sugar Skulls 1 (20-inch) - Girl's - 2017","Children Bicycles","Santa Cruz Bikes","Genna Serrano"
1321,"Carline Collier",Fresno,CA,2017-12-30,1,469.99,"Trek Session DH 27.5 Carbon Frameset - 2017","Mountain Bikes","Santa Cruz Bikes","Genna Serrano"
1321,"Carline Collier",Fresno,CA,2017-12-30,1,416.99,"Sun Bicycles Cruz 7 - 2017","Comfort Bicycles","Santa Cruz Bikes","Genna Serrano"
1321,"Carline Collier",Fresno,CA,2017-12-30,2,3361.98,"Surly Straggler 650b - 2016","Cyclocross Bicycles","Santa Cruz Bikes","Genna Serrano"
1329,"Ayana Keith",Oxnard,CA,2018-01-04,1,1099.99,"Trek Domane ALR 3 - 2018","Road Bikes","Santa Cruz Bikes","Genna Serrano"
1329,"Ayana Keith",Oxnard,CA,2018-01-04,1,416.99,"Sun Bicycles Cruz 7 - 2017","Comfort Bicycles","Santa Cruz Bikes","Genna Serrano"
1329,"Ayana Keith",Oxnard,CA,2018-01-04,1,2699.99,"Trek Domane S 6 - 2017","Road Bikes","Santa Cruz Bikes","Genna Serrano"
1329,"Ayana Keith",Oxnard,CA,2018-01-04,2,639.98,"Electra Heartchya 1 (20-inch) - Girl's - 2018","Children Bicycles","Santa Cruz Bikes","Genna Serrano"
1329,"Ayana Keith",Oxnard,CA,2018-01-04,1,269.99,"Electra Cruiser 1 (24-Inch) - 2016","Cruisers Bicycles","Santa Cruz Bikes","Genna Serrano"
1336,"Jana Thomas","San Jose",CA,2018-01-09,2,1999.98,"Trek X-Caliber 8 - 2017","Mountain Bikes","Santa Cruz Bikes","Mireya Copeland"
1336,"Jana Thomas","San Jose",CA,2018-01-09,1,6499.99,"Trek Domane SL Frameset Women's - 2018","Road Bikes","Santa Cruz Bikes","Mireya Copeland"
1336,"Jana Thomas","San Jose",CA,2018-01-09,2,539.98,"Electra Cruiser 1 (24-Inch) - 2016","Children Bicycles","Santa Cruz Bikes","Mireya Copeland"
1336,"Jana Thomas","San Jose",CA,2018-01-09,1,3999.99,"Trek Boone 7 Disc - 2018","Cyclocross Bicycles","Santa Cruz Bikes","Mireya Copeland"
1336,"Jana Thomas","San Jose",CA,2018-01-09,1,2799.99,"Trek Conduit+ - 2018","Electric Bikes","Santa Cruz Bikes","Mireya Copeland"
1339,"Mellisa Kim","Los Angeles",CA,2018-01-11,1,3199.99,"Trek Domane SLR Frameset - 2018","Road Bikes","Santa Cruz Bikes","Genna Serrano"
1340,"Raeann Duncan",Anaheim,CA,2018-01-12,1,2599.99,"Electra Townie Go! 8i Ladies' - 2018","Cruisers Bicycles","Santa Cruz Bikes","Genna Serrano"
1340,"Raeann Duncan",Anaheim,CA,2018-01-12,2,419.98,"Haro Shredder 20 - 2017","Children Bicycles","Santa Cruz Bikes","Genna Serrano"
1340,"Raeann Duncan",Anaheim,CA,2018-01-12,2,1699.98,"Electra Relic 3i - 2018","Cruisers Bicycles","Santa Cruz Bikes","Genna Serrano"
1347,"Muriel Juarez","Palos Verdes Peninsula",CA,2018-01-15,2,10599.98,"Trek Fuel EX 9.8 27.5 Plus - 2017","Mountain Bikes","Santa Cruz Bikes","Mireya Copeland"
1347,"Muriel Juarez","Palos Verdes Peninsula",CA,2018-01-15,1,749.99,"Surly Ogre Frameset - 2017","Road Bikes","Santa Cruz Bikes","Mireya Copeland"
1348,"Brigid Sharp","Santa Clara",CA,2018-01-15,1,4999.99,"Trek Powerfly 7 FS - 2018","Electric Bikes","Santa Cruz Bikes","Mireya Copeland"
1348,"Brigid Sharp","Santa Clara",CA,2018-01-15,1,5499.99,"Trek Domane SL 8 Disc - 2018","Road Bikes","Santa Cruz Bikes","Mireya Copeland"
1348,"Brigid Sharp","Santa Clara",CA,2018-01-15,2,9999.98,"Trek Madone 9.2 - 2017","Road Bikes","Santa Cruz Bikes","Mireya Copeland"
1348,"Brigid Sharp","Santa Clara",CA,2018-01-15,1,1799.99,"Trek Domane ALR 5 Gravel - 2018","Road Bikes","Santa Cruz Bikes","Mireya Copeland"
1354,"Christopher Richardson","Santa Cruz",CA,2018-01-19,2,1499.98,"Trek Domane AL 2 Women's - 2018","Road Bikes","Santa Cruz Bikes","Genna Serrano"
1358,"Maurice Norton",Atwater,CA,2018-01-21,2,1799.98,"Electra Amsterdam Fashion 3i Ladies' - 2017/2018","Cruisers Bicycles","Santa Cruz Bikes","Mireya Copeland"
1367,"Ja Dillard","Canyon Country",CA,2018-01-27,1,1499.99,"Trek Procal AL Frameset - 2018","Mountain Bikes","Santa Cruz Bikes","Genna Serrano"
1367,"Ja Dillard","Canyon Country",CA,2018-01-27,2,5198.00,"Heller Bloodhound Trail - 2018","Mountain Bikes","Santa Cruz Bikes","Genna Serrano"
1367,"Ja Dillard","Canyon Country",CA,2018-01-27,1,1499.00,"Surly Krampus - 2018","Mountain Bikes","Santa Cruz Bikes","Genna Serrano"
1367,"Ja Dillard","Canyon Country",CA,2018-01-27,2,1099.98,"Electra Townie Original 21D - 2016","Comfort Bicycles","Santa Cruz Bikes","Genna Serrano"
1374,"Karren Stevenson","San Carlos",CA,2018-01-30,2,4399.98,"Trek Domane SL 5 - 2018","Road Bikes","Santa Cruz Bikes","Genna Serrano"
1374,"Karren Stevenson","San Carlos",CA,2018-01-30,2,1839.98,"Trek Stache Carbon Frameset - 2018","Mountain Bikes","Santa Cruz Bikes","Genna Serrano"
1376,"Kiesha Bond","San Carlos",CA,2018-02-01,1,1320.99,"Heller Shagamaw Frame - 2016","Mountain Bikes","Santa Cruz Bikes","Mireya Copeland"
1378,"Marguerite Berger",Fullerton,CA,2018-02-02,2,699.98,"Electra Moto 3i (20-inch) - Boy's - 2017","Children Bicycles","Santa Cruz Bikes","Mireya Copeland"
1378,"Marguerite Berger",Fullerton,CA,2018-02-02,2,6399.98,"Trek Fuel EX 8 29 XT - 2018","Mountain Bikes","Santa Cruz Bikes","Mireya Copeland"
1378,"Marguerite Berger",Fullerton,CA,2018-02-02,2,1499.98,"Ritchey Timberwolf Frameset - 2016","Mountain Bikes","Santa Cruz Bikes","Mireya Copeland"
1378,"Marguerite Berger",Fullerton,CA,2018-02-02,1,470.99,"Sun Bicycles Drifter 7 - 2017","Comfort Bicycles","Santa Cruz Bikes","Mireya Copeland"
1378,"Marguerite Berger",Fullerton,CA,2018-02-02,2,1839.98,"Trek X-Caliber 7 - 2018","Mountain Bikes","Santa Cruz Bikes","Mireya Copeland"
1380,"Joel Wynn","San Diego",CA,2018-02-05,2,1799.98,"Electra Townie Balloon 7i EQ Ladies' - 2017/2018","Cruisers Bicycles","Santa Cruz Bikes","Genna Serrano"
1380,"Joel Wynn","San Diego",CA,2018-02-05,2,859.98,"Electra Cruiser Lux 1 - 2016/2018","Cruisers Bicycles","Santa Cruz Bikes","Genna Serrano"
1383,"Joaquin Hawkins",Anaheim,CA,2018-02-07,2,6999.98,"Trek XM700+ Lowstep - 2018","Electric Bikes","Santa Cruz Bikes","Genna Serrano"
1383,"Joaquin Hawkins",Anaheim,CA,2018-02-07,2,693.98,"Sun Bicycles Lil Bolt Type-R - 2017","Cruisers Bicycles","Santa Cruz Bikes","Genna Serrano"
1386,"Dung Reid","Canyon Country",CA,2018-02-09,1,369.99,"Electra Sweet Ride 3i (20-inch) - Girls' - 2018","Children Bicycles","Santa Cruz Bikes","Mireya Copeland"
1386,"Dung Reid","Canyon Country",CA,2018-02-09,1,249.99,"Trek MT 201 - 2018","Children Bicycles","Santa Cruz Bikes","Mireya Copeland"
1386,"Dung Reid","Canyon Country",CA,2018-02-09,1,899.99,"Electra Townie Balloon 7i EQ Ladies' - 2017/2018","Comfort Bicycles","Santa Cruz Bikes","Mireya Copeland"
1386,"Dung Reid","Canyon Country",CA,2018-02-09,1,4499.99,"Trek Emonda SL 7 - 2018","Road Bikes","Santa Cruz Bikes","Mireya Copeland"
1395,"Zora Ford",Sacramento,CA,2018-02-15,1,3599.99,"Trek Super Commuter+ 7 - 2018","Electric Bikes","Santa Cruz Bikes","Genna Serrano"
1395,"Zora Ford",Sacramento,CA,2018-02-15,2,2999.98,"Trek Emonda S 4 - 2017","Road Bikes","Santa Cruz Bikes","Genna Serrano"
1395,"Zora Ford",Sacramento,CA,2018-02-15,2,1839.98,"Trek Domane AL 3 Women's - 2018","Road Bikes","Santa Cruz Bikes","Genna Serrano"
1395,"Zora Ford",Sacramento,CA,2018-02-15,1,679.99,"Electra Townie Original 21D EQ - 2017/2018","Cruisers Bicycles","Santa Cruz Bikes","Genna Serrano"
1398,"Desire Mcgowan",Bakersfield,CA,2018-02-16,2,833.98,"Sun Bicycles Cruz 7 - 2017","Cruisers Bicycles","Santa Cruz Bikes","Genna Serrano"
1398,"Desire Mcgowan",Bakersfield,CA,2018-02-16,1,749.99,"Surly Ogre Frameset - 2017","Road Bikes","Santa Cruz Bikes","Genna Serrano"
1404,"Bella Perez",Duarte,CA,2018-02-23,2,759.98,"Trek 820 - 2018","Mountain Bikes","Santa Cruz Bikes","Genna Serrano"
1404,"Bella Perez",Duarte,CA,2018-02-23,1,269.99,"Electra Cruiser 1 Ladies' - 2018","Cruisers Bicycles","Santa Cruz Bikes","Genna Serrano"
1404,"Bella Perez",Duarte,CA,2018-02-23,2,5599.98,"Trek Lift+ - 2018","Electric Bikes","Santa Cruz Bikes","Genna Serrano"
1411,"Monica Sears","San Jose",CA,2018-03-01,1,2999.99,"Trek Conduit+ - 2016","Electric Bikes","Santa Cruz Bikes","Mireya Copeland"
1411,"Monica Sears","San Jose",CA,2018-03-01,2,1499.98,"Electra Townie Balloon 8D EQ Ladies' - 2016/2017/2018","Comfort Bicycles","Santa Cruz Bikes","Mireya Copeland"
1417,"Rayford Simon","Mountain View",CA,2018-03-04,2,1279.98,"Electra Moto 3i - 2018","Cruisers Bicycles","Santa Cruz Bikes","Mireya Copeland"
1423,"Selene Vega",Campbell,CA,2018-03-06,1,749.99,"Electra White Water 3i - 2018","Cruisers Bicycles","Santa Cruz Bikes","Mireya Copeland"
1423,"Selene Vega",Campbell,CA,2018-03-06,1,416.99,"Sun Bicycles Atlas X-Type - 2017","Cruisers Bicycles","Santa Cruz Bikes","Mireya Copeland"
1423,"Selene Vega",Campbell,CA,2018-03-06,1,449.99,"Electra Townie Original 1 - 2018","Comfort Bicycles","Santa Cruz Bikes","Mireya Copeland"
1423,"Selene Vega",Campbell,CA,2018-03-06,2,979.98,"Trek Marlin 5 - 2018","Mountain Bikes","Santa Cruz Bikes","Mireya Copeland"
1424,"Ester Acevedo","San Lorenzo",CA,2018-03-07,2,9999.98,"Trek Remedy 9.8 27.5 - 2018","Mountain Bikes","Santa Cruz Bikes","Mireya Copeland"
1437,"Homer Powers","Palos Verdes Peninsula",CA,2018-03-15,2,3199.98,"Trek Stache 5 - 2018","Mountain Bikes","Santa Cruz Bikes","Mireya Copeland"
1447,"Lurlene Cotton",Pleasanton,CA,2018-03-18,1,5499.99,"Trek Domane SL 8 Disc - 2018","Road Bikes","Santa Cruz Bikes","Genna Serrano"
1452,"Mireille Puckett",Oxnard,CA,2018-03-20,2,599.98,"Electra Sugar Skulls 1 (20-inch) - Girl's - 2017","Children Bicycles","Santa Cruz Bikes","Genna Serrano"
1452,"Mireille Puckett",Oxnard,CA,2018-03-20,1,899.99,"Electra Daydreamer 3i Ladies' - 2018","Cruisers Bicycles","Santa Cruz Bikes","Genna Serrano"
1452,"Mireille Puckett",Oxnard,CA,2018-03-20,2,299.98,"Trek Girl's Kickster - 2017","Children Bicycles","Santa Cruz Bikes","Genna Serrano"
1452,"Mireille Puckett",Oxnard,CA,2018-03-20,2,833.98,"Sun Bicycles Cruz 7 - Women's - 2017","Comfort Bicycles","Santa Cruz Bikes","Genna Serrano"
1453,"Leland Mcdowell",Encino,CA,2018-03-20,2,419.98,"Trek Precaliber 16 Boys - 2017","Children Bicycles","Santa Cruz Bikes","Genna Serrano"
1466,"Fannie Jenkins",Oxnard,CA,2018-03-26,2,1799.98,"Electra Townie Commute 27D Ladies - 2018","Comfort Bicycles","Santa Cruz Bikes","Genna Serrano"
1466,"Fannie Jenkins",Oxnard,CA,2018-03-26,1,2999.99,"Electra Townie Commute Go! - 2018","Cruisers Bicycles","Santa Cruz Bikes","Genna Serrano"
1466,"Fannie Jenkins",Oxnard,CA,2018-03-26,2,2698.00,"Surly Pack Rat - 2018","Road Bikes","Santa Cruz Bikes","Genna Serrano"
1466,"Fannie Jenkins",Oxnard,CA,2018-03-26,2,2999.98,"Trek Stache 5 - 2017","Mountain Bikes","Santa Cruz Bikes","Genna Serrano"
1468,"Tameka Fisher","Redondo Beach",CA,2018-03-27,1,199.99,"Trek Precaliber 12 Boy's - 2018","Children Bicycles","Santa Cruz Bikes","Mireya Copeland"
1468,"Tameka Fisher","Redondo Beach",CA,2018-03-27,1,4999.99,"Trek Madone 9.2 - 2017","Road Bikes","Santa Cruz Bikes","Mireya Copeland"
1468,"Tameka Fisher","Redondo Beach",CA,2018-03-27,2,11999.98,"Trek Silque SLR 7 Women's - 2017","Road Bikes","Santa Cruz Bikes","Mireya Copeland"
1473,"Hayden Cross","Apple Valley",CA,2018-03-30,2,219.98,"Sun Bicycles Lil Kitt'n - 2017","Children Bicycles","Santa Cruz Bikes","Mireya Copeland"
1473,"Hayden Cross","Apple Valley",CA,2018-03-30,1,489.99,"Electra Townie Original 7D - 2017","Comfort Bicycles","Santa Cruz Bikes","Mireya Copeland"
1474,"Marshall Johnson",Vista,CA,2018-03-30,1,899.99,"Electra Townie Balloon 7i EQ - 2018","Comfort Bicycles","Santa Cruz Bikes","Genna Serrano"
1474,"Marshall Johnson",Vista,CA,2018-03-30,1,999.99,"Trek Farley Carbon Frameset - 2018","Mountain Bikes","Santa Cruz Bikes","Genna Serrano"
1487,"Deloris Burke","Palos Verdes Peninsula",CA,2018-04-03,1,4499.99,"Trek Emonda SLR 6 - 2018","Road Bikes","Santa Cruz Bikes","Genna Serrano"
1487,"Deloris Burke","Palos Verdes Peninsula",CA,2018-04-03,2,3099.98,"Trek Domane ALR 4 Disc Women's - 2018","Road Bikes","Santa Cruz Bikes","Genna Serrano"
1487,"Deloris Burke","Palos Verdes Peninsula",CA,2018-04-03,1,2999.99,"Electra Townie Commute Go! - 2018","Electric Bikes","Santa Cruz Bikes","Genna Serrano"
1487,"Deloris Burke","Palos Verdes Peninsula",CA,2018-04-03,1,2299.99,"Trek Verve+ - 2018","Electric Bikes","Santa Cruz Bikes","Genna Serrano"
1487,"Deloris Burke","Palos Verdes Peninsula",CA,2018-04-03,2,699.98,"Electra Moto 3i (20-inch) - Boy's - 2017","Children Bicycles","Santa Cruz Bikes","Genna Serrano"
1488,"Olevia Pitts","Redondo Beach",CA,2018-04-03,1,2299.99,"Trek Fuel EX 5 27.5 Plus - 2017","Mountain Bikes","Santa Cruz Bikes","Genna Serrano"
1488,"Olevia Pitts","Redondo Beach",CA,2018-04-03,1,2499.99,"Surly Troll Frameset - 2018","Mountain Bikes","Santa Cruz Bikes","Genna Serrano"
1489,"Dorine Roberson","Santa Cruz",CA,2018-04-03,1,2999.99,"Electra Townie Commute Go! - 2018","Electric Bikes","Santa Cruz Bikes","Genna Serrano"
1489,"Dorine Roberson","Santa Cruz",CA,2018-04-03,2,559.98,"Electra Cyclosaurus 1 (16-inch) - Boy's - 2018","Children Bicycles","Santa Cruz Bikes","Genna Serrano"
1489,"Dorine Roberson","Santa Cruz",CA,2018-04-03,1,875.99,"Surly Steamroller - 2017","Road Bikes","Santa Cruz Bikes","Genna Serrano"
1490,"Carline Collier",Fresno,CA,2018-04-03,1,299.99,"Electra Sugar Skulls 1 (20-inch) - Girl's - 2017","Children Bicycles","Santa Cruz Bikes","Genna Serrano"
1490,"Carline Collier",Fresno,CA,2018-04-03,1,749.99,"Electra Townie Balloon 3i EQ - 2017/2018","Cruisers Bicycles","Santa Cruz Bikes","Genna Serrano"
1490,"Carline Collier",Fresno,CA,2018-04-03,1,319.99,"Electra Cruiser 7D - 2016/2017/2018","Cruisers Bicycles","Santa Cruz Bikes","Genna Serrano"
1491,"Lizzie Joyner",Coachella,CA,2018-04-04,2,599.98,"Electra Girl's Hawaii 1 16" - 2017","Children Bicycles","Santa Cruz Bikes","Genna Serrano"
1491,"Lizzie Joyner",Coachella,CA,2018-04-04,1,449.99,"Electra Townie Original 1 - 2018","Comfort Bicycles","Santa Cruz Bikes","Genna Serrano"
1491,"Lizzie Joyner",Coachella,CA,2018-04-04,2,3119.98,"Sun Bicycles ElectroLite - 2017","Electric Bikes","Santa Cruz Bikes","Genna Serrano"
1491,"Lizzie Joyner",Coachella,CA,2018-04-04,2,5999.98,"Trek Remedy 7 27.5 - 2018","Mountain Bikes","Santa Cruz Bikes","Genna Serrano"
1494,"Katelin Kennedy",Rocklin,CA,2018-04-05,2,859.98,"Electra Cruiser Lux 1 Ladies' - 2018","Cruisers Bicycles","Santa Cruz Bikes","Genna Serrano"
1494,"Katelin Kennedy",Rocklin,CA,2018-04-05,2,1499.98,"Trek Domane AL 2 - 2018","Road Bikes","Santa Cruz Bikes","Genna Serrano"
1494,"Katelin Kennedy",Rocklin,CA,2018-04-05,2,499.98,"Strider Sport 16 - 2018","Children Bicycles","Santa Cruz Bikes","Genna Serrano"
1496,"Tameka Fisher","Redondo Beach",CA,2018-04-06,1,599.99,"Electra Townie Original 7D EQ Ladies' - 2017/2018","Cruisers Bicycles","Santa Cruz Bikes","Genna Serrano"
1496,"Tameka Fisher","Redondo Beach",CA,2018-04-06,1,899.99,"Electra Tiger Shark 3i - 2018","Cruisers Bicycles","Santa Cruz Bikes","Genna Serrano"
1496,"Tameka Fisher","Redondo Beach",CA,2018-04-06,2,959.98,"Electra Cruiser Lux 7D - 2018","Cruisers Bicycles","Santa Cruz Bikes","Genna Serrano"
1496,"Tameka Fisher","Redondo Beach",CA,2018-04-06,1,449.99,"Electra Townie Original 1 - 2018","Comfort Bicycles","Santa Cruz Bikes","Genna Serrano"
1496,"Tameka Fisher","Redondo Beach",CA,2018-04-06,2,1919.98,"Electra Delivery 3i - 2016/2017/2018","Cruisers Bicycles","Santa Cruz Bikes","Genna Serrano"
1497,"Williemae Holloway",Oakland,CA,2018-04-06,2,3199.98,"Trek Stache 5 - 2018","Mountain Bikes","Santa Cruz Bikes","Mireya Copeland"
1497,"Williemae Holloway",Oakland,CA,2018-04-06,2,5999.98,"Electra Townie Commute Go! - 2018","Electric Bikes","Santa Cruz Bikes","Mireya Copeland"
1497,"Williemae Holloway",Oakland,CA,2018-04-06,2,7199.98,"Trek Super Commuter+ 7 - 2018","Electric Bikes","Santa Cruz Bikes","Mireya Copeland"
1498,"Zina Bonner","San Lorenzo",CA,2018-04-06,1,3199.99,"Trek Domane ALR Disc Frameset - 2018","Road Bikes","Santa Cruz Bikes","Mireya Copeland"
1498,"Zina Bonner","San Lorenzo",CA,2018-04-06,2,1599.98,"Electra Townie Balloon 3i EQ Ladies' - 2018","Cruisers Bicycles","Santa Cruz Bikes","Mireya Copeland"
1499,"Luz House",Fresno,CA,2018-04-06,1,470.99,"Sun Bicycles Drifter 7 - 2017","Comfort Bicycles","Santa Cruz Bikes","Mireya Copeland"
1499,"Luz House",Fresno,CA,2018-04-06,1,1799.99,"Trek Crockett 5 Disc - 2018","Cyclocross Bicycles","Santa Cruz Bikes","Mireya Copeland"
1499,"Luz House",Fresno,CA,2018-04-06,2,319.98,"Trek Kickster - 2018","Children Bicycles","Santa Cruz Bikes","Mireya Copeland"
1499,"Luz House",Fresno,CA,2018-04-06,1,749.99,"Ritchey Timberwolf Frameset - 2016","Mountain Bikes","Santa Cruz Bikes","Mireya Copeland"
1499,"Luz House",Fresno,CA,2018-04-06,2,6399.98,"Trek Domane SL 6 - 2018","Road Bikes","Santa Cruz Bikes","Mireya Copeland"
1500,"Joesph Delacruz",Atwater,CA,2018-04-06,2,2939.98,"Haro Shift R3 - 2017","Mountain Bikes","Santa Cruz Bikes","Genna Serrano"
1500,"Joesph Delacruz",Atwater,CA,2018-04-06,1,319.99,"Electra Tiger Shark 1 (20-inch) - Boys' - 2018","Children Bicycles","Santa Cruz Bikes","Genna Serrano"
1503,"Denis Logan",Ridgecrest,CA,2018-04-07,1,909.99,"Electra Straight 8 3i - 2018","Cruisers Bicycles","Santa Cruz Bikes","Genna Serrano"
1503,"Denis Logan",Ridgecrest,CA,2018-04-07,2,899.98,"Electra Townie Original 1 - 2018","Comfort Bicycles","Santa Cruz Bikes","Genna Serrano"
1504,"Elvera Peck",Banning,CA,2018-04-08,1,319.99,"Trek Precaliber 24 (7-Speed) - Boys - 2018","Children Bicycles","Santa Cruz Bikes","Mireya Copeland"
1509,"Kasha Todd",Campbell,CA,2018-04-09,2,1499.98,"Electra Queen of Hearts 3i - 2018","Cruisers Bicycles","Santa Cruz Bikes","Genna Serrano"
1513,"Araceli Golden",Fullerton,CA,2018-04-10,1,749.99,"Trek Domane AL 2 Women's - 2018","Road Bikes","Santa Cruz Bikes","Mireya Copeland"
1513,"Araceli Golden",Fullerton,CA,2018-04-10,2,9999.98,"Trek Powerfly 8 FS Plus - 2017","Electric Bikes","Santa Cruz Bikes","Mireya Copeland"
1513,"Araceli Golden",Fullerton,CA,2018-04-10,2,4599.98,"Trek Emonda ALR 6 - 2018","Road Bikes","Santa Cruz Bikes","Mireya Copeland"
1514,"Yan Mcgowan",Duarte,CA,2018-04-10,2,1799.98,"Electra Townie Commute 27D Ladies - 2018","Cruisers Bicycles","Santa Cruz Bikes","Genna Serrano"
1514,"Yan Mcgowan",Duarte,CA,2018-04-10,2,9999.98,"Trek Powerfly 7 FS - 2018","Electric Bikes","Santa Cruz Bikes","Genna Serrano"
1516,"Bridgette Guerra","San Lorenzo",CA,2018-04-11,2,6399.98,"Trek Domane ALR Disc Frameset - 2018","Road Bikes","Santa Cruz Bikes","Genna Serrano"
1516,"Bridgette Guerra","San Lorenzo",CA,2018-04-11,1,2599.99,"Electra Townie Go! 8i Ladies' - 2018","Cruisers Bicycles","Santa Cruz Bikes","Genna Serrano"
1516,"Bridgette Guerra","San Lorenzo",CA,2018-04-11,2,4599.98,"Trek Verve+ - 2018","Electric Bikes","Santa Cruz Bikes","Genna Serrano"
1516,"Bridgette Guerra","San Lorenzo",CA,2018-04-11,2,2399.98,"Electra Amsterdam Royal 8i Ladies - 2018","Cruisers Bicycles","Santa Cruz Bikes","Genna Serrano"
1516,"Bridgette Guerra","San Lorenzo",CA,2018-04-11,2,419.98,"Trek Precaliber 16 Girl's - 2018","Children Bicycles","Santa Cruz Bikes","Genna Serrano"
1517,"Louanne Martin","Yuba City",CA,2018-04-11,2,5199.98,"Electra Townie Go! 8i - 2017/2018","Comfort Bicycles","Santa Cruz Bikes","Mireya Copeland"
1517,"Louanne Martin","Yuba City",CA,2018-04-11,2,1359.98,"Electra Townie Original 21D EQ - 2017/2018","Cruisers Bicycles","Santa Cruz Bikes","Mireya Copeland"
1518,"Nova Hess",Duarte,CA,2018-04-11,2,1359.98,"Electra Townie Original 21D EQ - 2017/2018","Comfort Bicycles","Santa Cruz Bikes","Mireya Copeland"
1518,"Nova Hess",Duarte,CA,2018-04-11,2,4999.98,"Trek Domane SL 5 Disc - 2018","Road Bikes","Santa Cruz Bikes","Mireya Copeland"
1518,"Nova Hess",Duarte,CA,2018-04-11,2,5999.98,"Electra Townie Commute Go! Ladies' - 2018","Cruisers Bicycles","Santa Cruz Bikes","Mireya Copeland"
1521,"Saturnina Garner",Glendora,CA,2018-04-12,1,489.99,"Electra Townie 3i EQ (20-inch) - Boys' - 2017","Children Bicycles","Santa Cruz Bikes","Genna Serrano"
1521,"Saturnina Garner",Glendora,CA,2018-04-12,2,1359.98,"Electra Townie Original 21D EQ Ladies' - 2018","Comfort Bicycles","Santa Cruz Bikes","Genna Serrano"
1521,"Saturnina Garner",Glendora,CA,2018-04-12,1,999.99,"Trek Farley Carbon Frameset - 2018","Mountain Bikes","Santa Cruz Bikes","Genna Serrano"
1521,"Saturnina Garner",Glendora,CA,2018-04-12,2,2999.98,"Trek X-Caliber Frameset - 2018","Mountain Bikes","Santa Cruz Bikes","Genna Serrano"
1522,"Chi Goff","Palos Verdes Peninsula",CA,2018-04-12,1,299.99,"Electra Girl's Hawaii 1 16" - 2017","Children Bicycles","Santa Cruz Bikes","Genna Serrano"
1522,"Chi Goff","Palos Verdes Peninsula",CA,2018-04-12,1,1599.99,"Trek Stache 5 - 2018","Mountain Bikes","Santa Cruz Bikes","Genna Serrano"
1522,"Chi Goff","Palos Verdes Peninsula",CA,2018-04-12,1,1469.99,"Trek Ticket S Frame - 2018","Mountain Bikes","Santa Cruz Bikes","Genna Serrano"
1530,"Ollie Zimmerman",Anaheim,CA,2018-04-13,2,539.98,"Electra Cruiser 1 - 2016/2017/2018","Cruisers Bicycles","Santa Cruz Bikes","Mireya Copeland"
1530,"Ollie Zimmerman",Anaheim,CA,2018-04-13,1,749.99,"Trek Marlin 7 - 2017/2018","Mountain Bikes","Santa Cruz Bikes","Mireya Copeland"
1531,"Mariana Strong","Santa Clara",CA,2018-04-13,1,1899.00,"Surly ECR 27.5 - 2018","Mountain Bikes","Santa Cruz Bikes","Mireya Copeland"
1540,"Hedwig Paul","Apple Valley",CA,2018-04-16,2,833.98,"Sun Bicycles Atlas X-Type - 2017","Cruisers Bicycles","Santa Cruz Bikes","Mireya Copeland"
1540,"Hedwig Paul","Apple Valley",CA,2018-04-16,1,749.99,"Electra Morningstar 3i Ladies' - 2018","Cruisers Bicycles","Santa Cruz Bikes","Mireya Copeland"
1540,"Hedwig Paul","Apple Valley",CA,2018-04-16,1,479.99,"Electra Cruiser Lux 7D - 2018","Cruisers Bicycles","Santa Cruz Bikes","Mireya Copeland"
1540,"Hedwig Paul","Apple Valley",CA,2018-04-16,2,10999.98,"Trek Domane SLR 6 Disc - 2018","Road Bikes","Santa Cruz Bikes","Mireya Copeland"
1540,"Hedwig Paul","Apple Valley",CA,2018-04-16,1,647.99,"Sun Bicycles Biscayne Tandem CB - 2017","Cruisers Bicycles","Santa Cruz Bikes","Mireya Copeland"
1544,"Charolette Rice",Sacramento,CA,2018-04-17,2,6999.98,"Trek XM700+ - 2018","Electric Bikes","Santa Cruz Bikes","Mireya Copeland"
1544,"Charolette Rice",Sacramento,CA,2018-04-17,2,833.98,"Sun Bicycles Cruz 7 - 2017","Comfort Bicycles","Santa Cruz Bikes","Mireya Copeland"
1545,"Tommie Melton",Sacramento,CA,2018-04-17,1,869.99,"Haro SR 1.2 - 2017","Mountain Bikes","Santa Cruz Bikes","Genna Serrano"
1546,"Marvin Mullins","San Diego",CA,2018-04-17,1,6499.99,"Trek Domane SL Frameset - 2018","Road Bikes","Santa Cruz Bikes","Genna Serrano"
1546,"Marvin Mullins","San Diego",CA,2018-04-17,2,5599.98,"Trek Conduit+ - 2018","Electric Bikes","Santa Cruz Bikes","Genna Serrano"
1546,"Marvin Mullins","San Diego",CA,2018-04-17,1,749.99,"Electra Queen of Hearts 3i - 2018","Cruisers Bicycles","Santa Cruz Bikes","Genna Serrano"
1546,"Marvin Mullins","San Diego",CA,2018-04-17,1,499.99,"Electra Townie Original 7D - 2015/2016","Comfort Bicycles","Santa Cruz Bikes","Genna Serrano"
1547,"Karla Kirk","Palos Verdes Peninsula",CA,2018-04-17,2,899.98,"Sun Bicycles Cruz 3 - 2017","Comfort Bicycles","Santa Cruz Bikes","Genna Serrano"
1547,"Karla Kirk","Palos Verdes Peninsula",CA,2018-04-17,1,3599.99,"Trek Super Commuter+ 7 - 2018","Electric Bikes","Santa Cruz Bikes","Genna Serrano"
1548,"Regine Gonzales",Oxnard,CA,2018-04-17,1,469.99,"Trek Farley Alloy Frameset - 2017","Mountain Bikes","Santa Cruz Bikes","Mireya Copeland"
1548,"Regine Gonzales",Oxnard,CA,2018-04-17,1,3499.99,"Trek Powerfly 5 Women's - 2018","Electric Bikes","Santa Cruz Bikes","Mireya Copeland"
1548,"Regine Gonzales",Oxnard,CA,2018-04-17,2,6999.98,"Trek Boone 7 - 2017","Cyclocross Bicycles","Santa Cruz Bikes","Mireya Copeland"
1553,"Jamaal Albert",Torrance,CA,2018-04-18,1,489.99,"Electra Townie Original 7D - 2017","Comfort Bicycles","Santa Cruz Bikes","Genna Serrano"
1553,"Jamaal Albert",Torrance,CA,2018-04-18,1,549.99,"Electra Townie Original 21D - 2016","Cruisers Bicycles","Santa Cruz Bikes","Genna Serrano"
1553,"Jamaal Albert",Torrance,CA,2018-04-18,1,2999.99,"Electra Townie Commute Go! - 2018","Cruisers Bicycles","Santa Cruz Bikes","Genna Serrano"
1553,"Jamaal Albert",Torrance,CA,2018-04-18,1,209.99,"Trek Precaliber 16 Boys - 2017","Children Bicycles","Santa Cruz Bikes","Genna Serrano"
1554,"Jeanie Kirkland","Santa Clara",CA,2018-04-18,1,749.99,"Trek Domane AL 2 Women's - 2018","Road Bikes","Santa Cruz Bikes","Genna Serrano"
1554,"Jeanie Kirkland","Santa Clara",CA,2018-04-18,1,279.99,"Electra Soft Serve 1 (16-inch) - Girl's - 2018","Children Bicycles","Santa Cruz Bikes","Genna Serrano"
1557,"Lucy Woods","Palos Verdes Peninsula",CA,2018-04-19,2,2698.00,"Surly Pack Rat - 2018","Road Bikes","Santa Cruz Bikes","Genna Serrano"
1564,"Monika Berg",Encino,CA,2018-04-21,1,899.99,"Electra Townie Commute 27D - 2018","Comfort Bicycles","Santa Cruz Bikes","Genna Serrano"
1564,"Monika Berg",Encino,CA,2018-04-21,1,269.99,"Electra Girl's Hawaii 1 (16-inch) - 2015/2016","Cruisers Bicycles","Santa Cruz Bikes","Genna Serrano"
1565,"Neil Mccall","San Carlos",CA,2018-04-21,1,379.99,"Haro Flightline One ST - 2017","Mountain Bikes","Santa Cruz Bikes","Mireya Copeland"
1565,"Neil Mccall","San Carlos",CA,2018-04-21,1,209.99,"Haro Shredder 20 - 2017","Children Bicycles","Santa Cruz Bikes","Mireya Copeland"
1565,"Neil Mccall","San Carlos",CA,2018-04-21,1,899.99,"Electra Townie Balloon 7i EQ - 2018","Cruisers Bicycles","Santa Cruz Bikes","Mireya Copeland"
1565,"Neil Mccall","San Carlos",CA,2018-04-21,1,299.99,"Electra Girl's Hawaii 1 16" - 2017","Children Bicycles","Santa Cruz Bikes","Mireya Copeland"
1565,"Neil Mccall","San Carlos",CA,2018-04-21,2,1359.98,"Electra Townie Original 21D EQ - 2017/2018","Cruisers Bicycles","Santa Cruz Bikes","Mireya Copeland"
1566,"Petronila Norris","South El Monte",CA,2018-04-21,1,919.99,"Trek Domane AL 3 - 2018","Road Bikes","Santa Cruz Bikes","Genna Serrano"
1566,"Petronila Norris","South El Monte",CA,2018-04-21,2,9999.98,"Trek Powerfly 8 FS Plus - 2017","Electric Bikes","Santa Cruz Bikes","Genna Serrano"
1567,"Arvilla Osborn",Upland,CA,2018-04-21,1,319.99,"Trek Precaliber 24 7-speed Girl's - 2018","Children Bicycles","Santa Cruz Bikes","Mireya Copeland"
1568,"Bong Hebert",Torrance,CA,2018-04-21,1,4999.99,"Trek Domane SLR 6 - 2018","Road Bikes","Santa Cruz Bikes","Genna Serrano"
1568,"Bong Hebert",Torrance,CA,2018-04-21,1,533.99,"Sun Bicycles Streamway 7 - 2017","Comfort Bicycles","Santa Cruz Bikes","Genna Serrano"
1568,"Bong Hebert",Torrance,CA,2018-04-21,1,899.99,"Electra Townie Balloon 7i EQ - 2018","Comfort Bicycles","Santa Cruz Bikes","Genna Serrano"
1573,"Corene Wall",Atwater,CA,2018-04-23,1,2999.99,"Trek Conduit+ - 2016","Electric Bikes","Santa Cruz Bikes","Mireya Copeland"
1573,"Corene Wall",Atwater,CA,2018-04-23,1,919.99,"Trek X-Caliber 7 - 2018","Mountain Bikes","Santa Cruz Bikes","Mireya Copeland"
1573,"Corene Wall",Atwater,CA,2018-04-23,2,1059.98,"Electra Moto 1 - 2016","Cruisers Bicycles","Santa Cruz Bikes","Mireya Copeland"
1573,"Corene Wall",Atwater,CA,2018-04-23,2,1799.98,"Electra Super Moto 8i - 2018","Cruisers Bicycles","Santa Cruz Bikes","Mireya Copeland"
1573,"Corene Wall",Atwater,CA,2018-04-23,2,179.98,"Strider Classic 12 Balance Bike - 2018","Children Bicycles","Santa Cruz Bikes","Mireya Copeland"
1574,"Jeni Booker","South El Monte",CA,2018-04-23,1,469.99,"Surly Pack Rat Frameset - 2018","Mountain Bikes","Santa Cruz Bikes","Mireya Copeland"
1575,"Moses Pope",Lawndale,CA,2018-04-23,1,539.99,"Haro SR 1.1 - 2017","Mountain Bikes","Santa Cruz Bikes","Genna Serrano"
1575,"Moses Pope",Lawndale,CA,2018-04-23,2,7999.98,"Trek Boone 7 Disc - 2018","Cyclocross Bicycles","Santa Cruz Bikes","Genna Serrano"
1575,"Moses Pope",Lawndale,CA,2018-04-23,1,269.99,"Electra Cruiser 1 - 2016/2017/2018","Cruisers Bicycles","Santa Cruz Bikes","Genna Serrano"
1575,"Moses Pope",Lawndale,CA,2018-04-23,2,939.98,"Surly Big Fat Dummy Frameset - 2018","Mountain Bikes","Santa Cruz Bikes","Genna Serrano"
1575,"Moses Pope",Lawndale,CA,2018-04-23,2,419.98,"Haro Shredder 20 - 2017","Children Bicycles","Santa Cruz Bikes","Genna Serrano"
1579,"Katharina Bates",Campbell,CA,2018-04-24,1,3499.99,"Trek Domane SL 6 - 2017","Road Bikes","Santa Cruz Bikes","Mireya Copeland"
1579,"Katharina Bates",Campbell,CA,2018-04-24,1,899.99,"Electra Tiger Shark 3i - 2018","Cruisers Bicycles","Santa Cruz Bikes","Mireya Copeland"
1579,"Katharina Bates",Campbell,CA,2018-04-24,1,279.99,"Electra Starship 1 16" - 2018","Children Bicycles","Santa Cruz Bikes","Mireya Copeland"
1579,"Katharina Bates",Campbell,CA,2018-04-24,2,693.98,"Sun Bicycles Lil Bolt Type-R - 2017","Cruisers Bicycles","Santa Cruz Bikes","Mireya Copeland"
1580,"Graciela Barber",Oxnard,CA,2018-04-24,2,939.98,"Trek Kids' Neko - 2018","Mountain Bikes","Santa Cruz Bikes","Mireya Copeland"
1580,"Graciela Barber",Oxnard,CA,2018-04-24,2,299.98,"Trek Girl's Kickster - 2017","Children Bicycles","Santa Cruz Bikes","Mireya Copeland"
1581,"Sharla Flynn",Oxnard,CA,2018-04-25,1,489.99,"Electra Townie Original 7D - 2017","Cruisers Bicycles","Santa Cruz Bikes","Mireya Copeland"
1581,"Sharla Flynn",Oxnard,CA,2018-04-25,1,289.99,"Trek Precaliber 20 6-speed Boy's - 2018","Children Bicycles","Santa Cruz Bikes","Mireya Copeland"
1582,"Le Deleon",Banning,CA,2018-04-25,1,599.99,"Electra Cruiser Lux Fat Tire 1 Ladies - 2017","Cruisers Bicycles","Santa Cruz Bikes","Genna Serrano"
1582,"Le Deleon",Banning,CA,2018-04-25,2,2999.98,"Trek Procaliber Frameset - 2018","Mountain Bikes","Santa Cruz Bikes","Genna Serrano"
1584,"Monica Sears","San Jose",CA,2018-04-26,2,1739.98,"Haro SR 1.2 - 2017","Mountain Bikes","Santa Cruz Bikes","Genna Serrano"
1584,"Monica Sears","San Jose",CA,2018-04-26,2,1799.98,"Electra Super Moto 8i - 2018","Cruisers Bicycles","Santa Cruz Bikes","Genna Serrano"
1584,"Monica Sears","San Jose",CA,2018-04-26,1,5299.99,"Trek Fuel EX 9.8 27.5 Plus - 2017","Mountain Bikes","Santa Cruz Bikes","Genna Serrano"
1584,"Monica Sears","San Jose",CA,2018-04-26,1,2799.99,"Trek Neko+ - 2018","Electric Bikes","Santa Cruz Bikes","Genna Serrano"
1584,"Monica Sears","San Jose",CA,2018-04-26,2,3599.98,"Trek Domane ALR 5 Gravel - 2018","Road Bikes","Santa Cruz Bikes","Genna Serrano"
1585,"Carola Rodriquez",Banning,CA,2018-04-26,1,449.99,"Electra Townie Original 1 Ladies' - 2018","Comfort Bicycles","Santa Cruz Bikes","Genna Serrano"
1585,"Carola Rodriquez",Banning,CA,2018-04-26,2,899.98,"Sun Bicycles Cruz 3 - 2017","Comfort Bicycles","Santa Cruz Bikes","Genna Serrano"
1585,"Carola Rodriquez",Banning,CA,2018-04-26,2,7999.98,"Trek Boone 7 Disc - 2018","Cyclocross Bicycles","Santa Cruz Bikes","Genna Serrano"
1585,"Carola Rodriquez",Banning,CA,2018-04-26,1,299.99,"Electra Girl's Hawaii 1 16" - 2017","Children Bicycles","Santa Cruz Bikes","Genna Serrano"
1585,"Carola Rodriquez",Banning,CA,2018-04-26,1,2799.99,"Electra Loft Go! 8i - 2018","Electric Bikes","Santa Cruz Bikes","Genna Serrano"
1586,"Carley Reynolds","South El Monte",CA,2018-04-26,2,539.98,"Electra Girl's Hawaii 1 (16-inch) - 2015/2016","Children Bicycles","Santa Cruz Bikes","Mireya Copeland"
1586,"Carley Reynolds","South El Monte",CA,2018-04-26,1,369.99,"Trek Precaliber 24 21-speed Boy's - 2018","Children Bicycles","Santa Cruz Bikes","Mireya Copeland"
1586,"Carley Reynolds","South El Monte",CA,2018-04-26,1,319.99,"Electra Treasure 1 20" - 2018","Children Bicycles","Santa Cruz Bikes","Mireya Copeland"
1586,"Carley Reynolds","South El Monte",CA,2018-04-26,1,3199.99,"Trek Domane ALR Frameset - 2018","Road Bikes","Santa Cruz Bikes","Mireya Copeland"
1586,"Carley Reynolds","South El Monte",CA,2018-04-26,1,832.99,"Surly Troll Frameset - 2017","Mountain Bikes","Santa Cruz Bikes","Mireya Copeland"
1587,"Jenee Rasmussen",Sacramento,CA,2018-04-26,1,481.99,"Sun Bicycles Streamway - 2017","Comfort Bicycles","Santa Cruz Bikes","Mireya Copeland"
1587,"Jenee Rasmussen",Sacramento,CA,2018-04-26,2,6999.98,"Trek Boone Race Shop Limited - 2017","Cyclocross Bicycles","Santa Cruz Bikes","Mireya Copeland"
1587,"Jenee Rasmussen",Sacramento,CA,2018-04-26,2,1295.98,"Sun Bicycles Biscayne Tandem CB - 2017","Cruisers Bicycles","Santa Cruz Bikes","Mireya Copeland"
1587,"Jenee Rasmussen",Sacramento,CA,2018-04-26,2,1599.98,"Electra Townie Balloon 3i EQ Ladies' - 2018","Comfort Bicycles","Santa Cruz Bikes","Mireya Copeland"
1589,"Ronna Butler",Encino,CA,2018-04-27,2,1279.98,"Electra Townie Original 3i EQ Ladies' - 2018","Cruisers Bicycles","Santa Cruz Bikes","Genna Serrano"
1589,"Ronna Butler",Encino,CA,2018-04-27,1,799.99,"Electra Townie Balloon 3i EQ Ladies' - 2018","Cruisers Bicycles","Santa Cruz Bikes","Genna Serrano"
1589,"Ronna Butler",Encino,CA,2018-04-27,2,4999.98,"Surly Karate Monkey 27.5+ Frameset - 2017","Mountain Bikes","Santa Cruz Bikes","Genna Serrano"
1590,"Jone Bernard",Anaheim,CA,2018-04-27,2,6399.98,"Trek Domane SLR Frameset - 2018","Road Bikes","Santa Cruz Bikes","Genna Serrano"
1590,"Jone Bernard",Anaheim,CA,2018-04-27,1,599.99,"Electra Townie Original 7D EQ Ladies' - 2017/2018","Cruisers Bicycles","Santa Cruz Bikes","Genna Serrano"
1590,"Jone Bernard",Anaheim,CA,2018-04-27,1,299.99,"Electra Girl's Hawaii 1 (20-inch) - 2015/2016","Children Bicycles","Santa Cruz Bikes","Genna Serrano"
1591,"Jeromy Burch","San Jose",CA,2018-04-27,2,559.98,"Electra Starship 1 16" - 2018","Children Bicycles","Santa Cruz Bikes","Mireya Copeland"
1591,"Jeromy Burch","San Jose",CA,2018-04-27,2,939.98,"Surly Big Fat Dummy Frameset - 2018","Mountain Bikes","Santa Cruz Bikes","Mireya Copeland"
1591,"Jeromy Burch","San Jose",CA,2018-04-27,2,699.98,"Electra Savannah 3i (20-inch) - Girl's - 2017","Children Bicycles","Santa Cruz Bikes","Mireya Copeland"
1591,"Jeromy Burch","San Jose",CA,2018-04-27,2,4499.98,"Trek Fuel EX 5 Plus - 2018","Mountain Bikes","Santa Cruz Bikes","Mireya Copeland"
1591,"Jeromy Burch","San Jose",CA,2018-04-27,1,289.99,"Strider Strider 20 Sport - 2018","Children Bicycles","Santa Cruz Bikes","Mireya Copeland"
1598,"Felice Guzman","Canyon Country",CA,2018-04-29,1,599.99,"Electra Townie Original 7D EQ - 2018","Cruisers Bicycles","Santa Cruz Bikes","Genna Serrano"
1598,"Felice Guzman","Canyon Country",CA,2018-04-29,2,6999.98,"Trek Domane SL 6 - 2017","Road Bikes","Santa Cruz Bikes","Genna Serrano"
1598,"Felice Guzman","Canyon Country",CA,2018-04-29,1,189.99,"Trek Precaliber 12 Girls - 2017","Children Bicycles","Santa Cruz Bikes","Genna Serrano"
1607,"Deloris Burke","Palos Verdes Peninsula",CA,2018-07-11,1,999.99,"Trek X-Caliber 8 - 2017","Mountain Bikes","Santa Cruz Bikes","Mireya Copeland"
1608,"Saturnina Garner",Glendora,CA,2018-07-12,2,1059.98,"Electra Cruiser Lux 3i Ladies' - 2018","Cruisers Bicycles","Santa Cruz Bikes","Mireya Copeland"
1612,"Tameka Fisher","Redondo Beach",CA,2018-10-21,1,699.99,"Electra Townie Commute 8D Ladies' - 2018","Cruisers Bicycles","Santa Cruz Bikes","Genna Serrano"
1612,"Tameka Fisher","Redondo Beach",CA,2018-10-21,2,639.98,"Electra Superbolt 1 20" - 2018","Children Bicycles","Santa Cruz Bikes","Genna Serrano"
1612,"Tameka Fisher","Redondo Beach",CA,2018-10-21,2,679.98,"Electra Townie 7D (20-inch) - Boys' - 2017","Children Bicycles","Santa Cruz Bikes","Genna Serrano"
1612,"Tameka Fisher","Redondo Beach",CA,2018-10-21,2,639.98,"Electra Tiger Shark 1 (20-inch) - Boys' - 2018","Children Bicycles","Santa Cruz Bikes","Genna Serrano"
1612,"Tameka Fisher","Redondo Beach",CA,2018-10-21,1,1559.99,"Sun Bicycles ElectroLite - 2017","Electric Bikes","Santa Cruz Bikes","Genna Serrano"
2,"Jaqueline Cummings","Huntington Station",NY,2016-01-01,1,599.99,"Electra Townie Original 7D EQ - Women's - 2016","Cruisers Bicycles","Baldwin Bikes","Marcelene Boyer"
2,"Jaqueline Cummings","Huntington Station",NY,2016-01-01,2,1199.98,"Electra Townie Original 7D EQ - 2016","Cruisers Bicycles","Baldwin Bikes","Marcelene Boyer"
3,"Joshua Robertson",Patchogue,NY,2016-01-02,1,999.99,"Surly Wednesday Frameset - 2016","Mountain Bikes","Baldwin Bikes","Venita Daniel"
3,"Joshua Robertson",Patchogue,NY,2016-01-02,1,599.99,"Electra Townie Original 7D EQ - Women's - 2016","Cruisers Bicycles","Baldwin Bikes","Venita Daniel"
5,"Arla Ellis",Utica,NY,2016-01-03,2,3098.00,"Surly Straggler - 2016","Cyclocross Bicycles","Baldwin Bikes","Marcelene Boyer"
5,"Arla Ellis",Utica,NY,2016-01-03,1,429.00,"Pure Cycles Vine 8-Speed - 2016","Cruisers Bicycles","Baldwin Bikes","Marcelene Boyer"
5,"Arla Ellis",Utica,NY,2016-01-03,1,599.99,"Electra Townie Original 7D EQ - 2016","Comfort Bicycles","Baldwin Bikes","Marcelene Boyer"
6,"Sharyn Hopkins",Baldwinsville,NY,2016-01-04,1,449.00,"Pure Cycles Western 3-Speed - Women's - 2015/2016","Cruisers Bicycles","Baldwin Bikes","Marcelene Boyer"
6,"Sharyn Hopkins",Baldwinsville,NY,2016-01-04,2,1099.98,"Electra Townie Original 21D - 2016","Cruisers Bicycles","Baldwin Bikes","Marcelene Boyer"
6,"Sharyn Hopkins",Baldwinsville,NY,2016-01-04,1,599.99,"Electra Townie Original 7D EQ - Women's - 2016","Cruisers Bicycles","Baldwin Bikes","Marcelene Boyer"
6,"Sharyn Hopkins",Baldwinsville,NY,2016-01-04,2,1999.98,"Surly Wednesday Frameset - 2016","Mountain Bikes","Baldwin Bikes","Marcelene Boyer"
6,"Sharyn Hopkins",Baldwinsville,NY,2016-01-04,2,5999.98,"Trek Conduit+ - 2016","Electric Bikes","Baldwin Bikes","Marcelene Boyer"
7,"Laureen Paul",Bellmore,NY,2016-01-04,1,529.99,"Electra Moto 1 - 2016","Cruisers Bicycles","Baldwin Bikes","Marcelene Boyer"
7,"Laureen Paul",Bellmore,NY,2016-01-04,1,999.99,"Surly Wednesday Frameset - 2016","Mountain Bikes","Baldwin Bikes","Marcelene Boyer"
7,"Laureen Paul",Bellmore,NY,2016-01-04,2,858.00,"Pure Cycles Vine 8-Speed - 2016","Cruisers Bicycles","Baldwin Bikes","Marcelene Boyer"
8,"Leslie Higgins","Saratoga Springs",NY,2016-01-04,1,269.99,"Electra Girl's Hawaii 1 (16-inch) - 2015/2016","Children Bicycles","Baldwin Bikes","Venita Daniel"
8,"Leslie Higgins","Saratoga Springs",NY,2016-01-04,2,1199.98,"Electra Townie Original 7D EQ - Women's - 2016","Cruisers Bicycles","Baldwin Bikes","Venita Daniel"
10,"Alane Munoz",Yonkers,NY,2016-01-05,1,269.99,"Electra Girl's Hawaii 1 (16-inch) - 2015/2016","Cruisers Bicycles","Baldwin Bikes","Marcelene Boyer"
11,"Tarra Guerrero",Auburn,NY,2016-01-05,1,1799.99,"Trek Remedy 29 Carbon Frameset - 2016","Mountain Bikes","Baldwin Bikes","Venita Daniel"
11,"Tarra Guerrero",Auburn,NY,2016-01-05,2,539.98,"Electra Girl's Hawaii 1 (16-inch) - 2015/2016","Children Bicycles","Baldwin Bikes","Venita Daniel"
11,"Tarra Guerrero",Auburn,NY,2016-01-05,2,1199.98,"Electra Townie Original 7D EQ - 2016","Cruisers Bicycles","Baldwin Bikes","Venita Daniel"
13,"Patience Clayton","Niagara Falls",NY,2016-01-08,1,269.99,"Electra Cruiser 1 (24-Inch) - 2016","Cruisers Bicycles","Baldwin Bikes","Marcelene Boyer"
13,"Patience Clayton","Niagara Falls",NY,2016-01-08,2,858.00,"Pure Cycles Vine 8-Speed - 2016","Cruisers Bicycles","Baldwin Bikes","Marcelene Boyer"
13,"Patience Clayton","Niagara Falls",NY,2016-01-08,2,1199.98,"Electra Townie Original 7D EQ - Women's - 2016","Cruisers Bicycles","Baldwin Bikes","Marcelene Boyer"
13,"Patience Clayton","Niagara Falls",NY,2016-01-08,2,1199.98,"Electra Townie Original 7D EQ - 2016","Cruisers Bicycles","Baldwin Bikes","Marcelene Boyer"
15,"Ellsworth Michael",Carmel,NY,2016-01-09,2,1099.98,"Electra Townie Original 21D - 2016","Cruisers Bicycles","Baldwin Bikes","Venita Daniel"
15,"Ellsworth Michael",Carmel,NY,2016-01-09,1,1799.99,"Trek Remedy 29 Carbon Frameset - 2016","Mountain Bikes","Baldwin Bikes","Venita Daniel"
15,"Ellsworth Michael",Carmel,NY,2016-01-09,2,898.00,"Pure Cycles Western 3-Speed - Women's - 2015/2016","Cruisers Bicycles","Baldwin Bikes","Venita Daniel"
15,"Ellsworth Michael",Carmel,NY,2016-01-09,2,599.98,"Electra Girl's Hawaii 1 (20-inch) - 2015/2016","Children Bicycles","Baldwin Bikes","Venita Daniel"
21,"Neoma Daugherty","Mount Vernon",NY,2016-01-15,1,269.99,"Electra Girl's Hawaii 1 (16-inch) - 2015/2016","Cruisers Bicycles","Baldwin Bikes","Marcelene Boyer"
21,"Neoma Daugherty","Mount Vernon",NY,2016-01-15,1,429.00,"Pure Cycles Vine 8-Speed - 2016","Cruisers Bicycles","Baldwin Bikes","Marcelene Boyer"
21,"Neoma Daugherty","Mount Vernon",NY,2016-01-15,1,1549.00,"Surly Straggler - 2016","Cyclocross Bicycles","Baldwin Bikes","Marcelene Boyer"
24,"Ashton Lott","Floral Park",NY,2016-01-18,2,1999.98,"Surly Wednesday Frameset - 2016","Mountain Bikes","Baldwin Bikes","Venita Daniel"
24,"Ashton Lott","Floral Park",NY,2016-01-18,2,898.00,"Pure Cycles Western 3-Speed - Women's - 2015/2016","Cruisers Bicycles","Baldwin Bikes","Venita Daniel"
25,"Sam Lester",Baldwin,NY,2016-01-18,2,599.98,"Electra Girl's Hawaii 1 (20-inch) - 2015/2016","Children Bicycles","Baldwin Bikes","Marcelene Boyer"
25,"Sam Lester",Baldwin,NY,2016-01-18,2,3098.00,"Surly Straggler - 2016","Cyclocross Bicycles","Baldwin Bikes","Marcelene Boyer"
25,"Sam Lester",Baldwin,NY,2016-01-18,1,269.99,"Electra Girl's Hawaii 1 (16-inch) - 2015/2016","Children Bicycles","Baldwin Bikes","Marcelene Boyer"
25,"Sam Lester",Baldwin,NY,2016-01-18,1,269.99,"Electra Girl's Hawaii 1 (16-inch) - 2015/2016","Cruisers Bicycles","Baldwin Bikes","Marcelene Boyer"
25,"Sam Lester",Baldwin,NY,2016-01-18,1,269.99,"Electra Cruiser 1 (24-Inch) - 2016","Children Bicycles","Baldwin Bikes","Marcelene Boyer"
26,"Jackeline Colon","Wappingers Falls",NY,2016-01-18,1,3999.99,"Trek Slash 8 27.5 - 2016","Mountain Bikes","Baldwin Bikes","Venita Daniel"
26,"Jackeline Colon","Wappingers Falls",NY,2016-01-18,1,749.99,"Ritchey Timberwolf Frameset - 2016","Mountain Bikes","Baldwin Bikes","Venita Daniel"
26,"Jackeline Colon","Wappingers Falls",NY,2016-01-18,1,549.99,"Electra Townie Original 21D - 2016","Cruisers Bicycles","Baldwin Bikes","Venita Daniel"
26,"Jackeline Colon","Wappingers Falls",NY,2016-01-18,2,539.98,"Electra Cruiser 1 (24-Inch) - 2016","Children Bicycles","Baldwin Bikes","Venita Daniel"
27,"Pamala Henry",Bronx,NY,2016-01-19,1,1320.99,"Heller Shagamaw Frame - 2016","Mountain Bikes","Baldwin Bikes","Venita Daniel"
27,"Pamala Henry",Bronx,NY,2016-01-19,1,449.00,"Pure Cycles William 3-Speed - 2016","Cruisers Bicycles","Baldwin Bikes","Venita Daniel"
27,"Pamala Henry",Bronx,NY,2016-01-19,2,1199.98,"Electra Townie Original 7D EQ - 2016","Comfort Bicycles","Baldwin Bikes","Venita Daniel"
27,"Pamala Henry",Bronx,NY,2016-01-19,1,1799.99,"Trek Remedy 29 Carbon Frameset - 2016","Mountain Bikes","Baldwin Bikes","Venita Daniel"
28,"Eleni Gordon","Richmond Hill",NY,2016-01-19,1,1320.99,"Heller Shagamaw Frame - 2016","Mountain Bikes","Baldwin Bikes","Marcelene Boyer"
28,"Eleni Gordon","Richmond Hill",NY,2016-01-19,2,7999.98,"Trek Slash 8 27.5 - 2016","Mountain Bikes","Baldwin Bikes","Marcelene Boyer"
28,"Eleni Gordon","Richmond Hill",NY,2016-01-19,2,539.98,"Electra Girl's Hawaii 1 (16-inch) - 2015/2016","Cruisers Bicycles","Baldwin Bikes","Marcelene Boyer"
28,"Eleni Gordon","Richmond Hill",NY,2016-01-19,1,469.99,"Surly Ice Cream Truck Frameset - 2016","Mountain Bikes","Baldwin Bikes","Marcelene Boyer"
29,"Laureen Barry","Orchard Park",NY,2016-01-20,2,1099.98,"Electra Townie Original 21D - 2016","Comfort Bicycles","Baldwin Bikes","Marcelene Boyer"
29,"Laureen Barry","Orchard Park",NY,2016-01-20,1,469.99,"Surly Ice Cream Truck Frameset - 2016","Mountain Bikes","Baldwin Bikes","Marcelene Boyer"
29,"Laureen Barry","Orchard Park",NY,2016-01-20,2,539.98,"Electra Cruiser 1 (24-Inch) - 2016","Children Bicycles","Baldwin Bikes","Marcelene Boyer"
29,"Laureen Barry","Orchard Park",NY,2016-01-20,1,1799.99,"Trek Remedy 29 Carbon Frameset - 2016","Mountain Bikes","Baldwin Bikes","Marcelene Boyer"
29,"Laureen Barry","Orchard Park",NY,2016-01-20,2,539.98,"Electra Girl's Hawaii 1 (16-inch) - 2015/2016","Cruisers Bicycles","Baldwin Bikes","Marcelene Boyer"
30,"Yvone Guerrero",Merrick,NY,2016-01-20,1,599.99,"Electra Townie Original 7D EQ - 2016","Comfort Bicycles","Baldwin Bikes","Marcelene Boyer"
30,"Yvone Guerrero",Merrick,NY,2016-01-20,1,429.00,"Pure Cycles Vine 8-Speed - 2016","Cruisers Bicycles","Baldwin Bikes","Marcelene Boyer"
30,"Yvone Guerrero",Merrick,NY,2016-01-20,1,449.00,"Pure Cycles William 3-Speed - 2016","Cruisers Bicycles","Baldwin Bikes","Marcelene Boyer"
30,"Yvone Guerrero",Merrick,NY,2016-01-20,1,2899.99,"Trek Fuel EX 8 29 - 2016","Mountain Bikes","Baldwin Bikes","Marcelene Boyer"
30,"Yvone Guerrero",Merrick,NY,2016-01-20,2,7999.98,"Trek Slash 8 27.5 - 2016","Mountain Bikes","Baldwin Bikes","Marcelene Boyer"
33,"Verona O'neill",Selden,NY,2016-01-21,2,599.98,"Electra Girl's Hawaii 1 (20-inch) - 2015/2016","Children Bicycles","Baldwin Bikes","Marcelene Boyer"
33,"Verona O'neill",Selden,NY,2016-01-21,1,3999.99,"Trek Slash 8 27.5 - 2016","Mountain Bikes","Baldwin Bikes","Marcelene Boyer"
34,"Sarai Mckee",Buffalo,NY,2016-01-22,2,3599.98,"Trek Remedy 29 Carbon Frameset - 2016","Mountain Bikes","Baldwin Bikes","Marcelene Boyer"
34,"Sarai Mckee",Buffalo,NY,2016-01-22,2,3098.00,"Surly Straggler - 2016","Cyclocross Bicycles","Baldwin Bikes","Marcelene Boyer"
34,"Sarai Mckee",Buffalo,NY,2016-01-22,2,858.00,"Pure Cycles Vine 8-Speed - 2016","Cruisers Bicycles","Baldwin Bikes","Marcelene Boyer"
35,"Neville Mcclain","West Hempstead",NY,2016-01-22,1,449.00,"Pure Cycles Western 3-Speed - Women's - 2015/2016","Cruisers Bicycles","Baldwin Bikes","Venita Daniel"
35,"Neville Mcclain","West Hempstead",NY,2016-01-22,2,1199.98,"Electra Townie Original 7D EQ - Women's - 2016","Cruisers Bicycles","Baldwin Bikes","Venita Daniel"
35,"Neville Mcclain","West Hempstead",NY,2016-01-22,1,1320.99,"Heller Shagamaw Frame - 2016","Mountain Bikes","Baldwin Bikes","Venita Daniel"
35,"Neville Mcclain","West Hempstead",NY,2016-01-22,2,539.98,"Electra Cruiser 1 (24-Inch) - 2016","Children Bicycles","Baldwin Bikes","Venita Daniel"
35,"Neville Mcclain","West Hempstead",NY,2016-01-22,1,269.99,"Electra Girl's Hawaii 1 (16-inch) - 2015/2016","Children Bicycles","Baldwin Bikes","Venita Daniel"
36,"Shantel Gregory","West Islip",NY,2016-01-23,1,2999.99,"Trek Conduit+ - 2016","Electric Bikes","Baldwin Bikes","Marcelene Boyer"
36,"Shantel Gregory","West Islip",NY,2016-01-23,1,1320.99,"Heller Shagamaw Frame - 2016","Mountain Bikes","Baldwin Bikes","Marcelene Boyer"
36,"Shantel Gregory","West Islip",NY,2016-01-23,2,1999.98,"Surly Wednesday Frameset - 2016","Mountain Bikes","Baldwin Bikes","Marcelene Boyer"
37,"Tomika Larson",Woodside,NY,2016-01-25,2,1199.98,"Electra Townie Original 7D EQ - 2016","Cruisers Bicycles","Baldwin Bikes","Marcelene Boyer"
38,"Lashandra Turner","Long Beach",NY,2016-01-25,2,7999.98,"Trek Slash 8 27.5 - 2016","Mountain Bikes","Baldwin Bikes","Venita Daniel"
38,"Lashandra Turner","Long Beach",NY,2016-01-25,1,299.99,"Electra Girl's Hawaii 1 (20-inch) - 2015/2016","Children Bicycles","Baldwin Bikes","Venita Daniel"
38,"Lashandra Turner","Long Beach",NY,2016-01-25,1,499.99,"Electra Townie Original 7D - 2015/2016","Comfort Bicycles","Baldwin Bikes","Venita Daniel"
38,"Lashandra Turner","Long Beach",NY,2016-01-25,2,3098.00,"Surly Straggler - 2016","Cyclocross Bicycles","Baldwin Bikes","Venita Daniel"
38,"Lashandra Turner","Long Beach",NY,2016-01-25,1,549.99,"Electra Townie Original 21D - 2016","Comfort Bicycles","Baldwin Bikes","Venita Daniel"
39,"Travis Whitley","Saint Albans",NY,2016-01-25,2,539.98,"Electra Girl's Hawaii 1 (16-inch) - 2015/2016","Children Bicycles","Baldwin Bikes","Venita Daniel"
39,"Travis Whitley","Saint Albans",NY,2016-01-25,2,1199.98,"Electra Townie Original 7D EQ - 2016","Cruisers Bicycles","Baldwin Bikes","Venita Daniel"
39,"Travis Whitley","Saint Albans",NY,2016-01-25,2,1999.98,"Surly Wednesday Frameset - 2016","Mountain Bikes","Baldwin Bikes","Venita Daniel"
39,"Travis Whitley","Saint Albans",NY,2016-01-25,1,529.99,"Electra Moto 1 - 2016","Cruisers Bicycles","Baldwin Bikes","Venita Daniel"
41,"Ingeborg Ellison",Ithaca,NY,2016-01-27,1,1320.99,"Heller Shagamaw Frame - 2016","Mountain Bikes","Baldwin Bikes","Marcelene Boyer"
41,"Ingeborg Ellison",Ithaca,NY,2016-01-27,2,898.00,"Pure Cycles William 3-Speed - 2016","Cruisers Bicycles","Baldwin Bikes","Marcelene Boyer"
41,"Ingeborg Ellison",Ithaca,NY,2016-01-27,2,1199.98,"Electra Townie Original 7D EQ - 2016","Comfort Bicycles","Baldwin Bikes","Marcelene Boyer"
42,"Corene Swanson","Rego Park",NY,2016-01-27,1,449.00,"Pure Cycles William 3-Speed - 2016","Cruisers Bicycles","Baldwin Bikes","Venita Daniel"
43,"Elana Miles",Liverpool,NY,2016-01-27,2,539.98,"Electra Cruiser 1 (24-Inch) - 2016","Cruisers Bicycles","Baldwin Bikes","Venita Daniel"
43,"Elana Miles",Liverpool,NY,2016-01-27,2,1099.98,"Electra Townie Original 21D - 2016","Cruisers Bicycles","Baldwin Bikes","Venita Daniel"
44,"Olympia Figueroa","Hopewell Junction",NY,2016-01-28,1,3999.99,"Trek Slash 8 27.5 - 2016","Mountain Bikes","Baldwin Bikes","Venita Daniel"
44,"Olympia Figueroa","Hopewell Junction",NY,2016-01-28,1,599.99,"Electra Townie Original 7D EQ - 2016","Cruisers Bicycles","Baldwin Bikes","Venita Daniel"
45,"Carissa Cross","Huntington Station",NY,2016-01-28,2,5799.98,"Trek Fuel EX 8 29 - 2016","Mountain Bikes","Baldwin Bikes","Venita Daniel"
45,"Carissa Cross","Huntington Station",NY,2016-01-28,1,269.99,"Electra Girl's Hawaii 1 (16-inch) - 2015/2016","Children Bicycles","Baldwin Bikes","Venita Daniel"
45,"Carissa Cross","Huntington Station",NY,2016-01-28,2,539.98,"Electra Cruiser 1 (24-Inch) - 2016","Children Bicycles","Baldwin Bikes","Venita Daniel"
46,"Eldridge Greer","Central Islip",NY,2016-01-29,1,429.00,"Pure Cycles Vine 8-Speed - 2016","Cruisers Bicycles","Baldwin Bikes","Venita Daniel"
47,"Joshua Berg",Ossining,NY,2016-01-29,1,469.99,"Surly Ice Cream Truck Frameset - 2016","Mountain Bikes","Baldwin Bikes","Venita Daniel"
47,"Joshua Berg",Ossining,NY,2016-01-29,1,529.99,"Electra Moto 1 - 2016","Cruisers Bicycles","Baldwin Bikes","Venita Daniel"
47,"Joshua Berg",Ossining,NY,2016-01-29,2,999.98,"Electra Townie Original 7D - 2015/2016","Comfort Bicycles","Baldwin Bikes","Venita Daniel"
47,"Joshua Berg",Ossining,NY,2016-01-29,1,269.99,"Electra Cruiser 1 (24-Inch) - 2016","Cruisers Bicycles","Baldwin Bikes","Venita Daniel"
48,"Josephine Dale",Baldwinsville,NY,2016-01-30,1,1680.99,"Surly Straggler 650b - 2016","Cyclocross Bicycles","Baldwin Bikes","Venita Daniel"
48,"Josephine Dale",Baldwinsville,NY,2016-01-30,1,2899.99,"Trek Fuel EX 8 29 - 2016","Mountain Bikes","Baldwin Bikes","Venita Daniel"
48,"Josephine Dale",Baldwinsville,NY,2016-01-30,2,2641.98,"Heller Shagamaw Frame - 2016","Mountain Bikes","Baldwin Bikes","Venita Daniel"
48,"Josephine Dale",Baldwinsville,NY,2016-01-30,2,539.98,"Electra Girl's Hawaii 1 (16-inch) - 2015/2016","Cruisers Bicycles","Baldwin Bikes","Venita Daniel"
49,"Taisha Vang",Shirley,NY,2016-01-31,2,539.98,"Electra Cruiser 1 (24-Inch) - 2016","Cruisers Bicycles","Baldwin Bikes","Marcelene Boyer"
51,"Jamaal Baker",Elmhurst,NY,2016-02-01,1,269.99,"Electra Cruiser 1 (24-Inch) - 2016","Cruisers Bicycles","Baldwin Bikes","Venita Daniel"
51,"Jamaal Baker",Elmhurst,NY,2016-02-01,1,599.99,"Electra Townie Original 7D EQ - Women's - 2016","Cruisers Bicycles","Baldwin Bikes","Venita Daniel"
51,"Jamaal Baker",Elmhurst,NY,2016-02-01,2,1199.98,"Electra Townie Original 7D EQ - 2016","Comfort Bicycles","Baldwin Bikes","Venita Daniel"
53,"Margit Osborn",Plainview,NY,2016-02-03,2,3599.98,"Trek Remedy 29 Carbon Frameset - 2016","Mountain Bikes","Baldwin Bikes","Marcelene Boyer"
53,"Margit Osborn",Plainview,NY,2016-02-03,2,599.98,"Electra Girl's Hawaii 1 (20-inch) - 2015/2016","Children Bicycles","Baldwin Bikes","Marcelene Boyer"
53,"Margit Osborn",Plainview,NY,2016-02-03,2,539.98,"Electra Girl's Hawaii 1 (16-inch) - 2015/2016","Cruisers Bicycles","Baldwin Bikes","Marcelene Boyer"
53,"Margit Osborn",Plainview,NY,2016-02-03,2,999.98,"Electra Townie Original 7D - 2015/2016","Comfort Bicycles","Baldwin Bikes","Marcelene Boyer"
54,"Inge Olsen","Long Beach",NY,2016-02-04,2,1199.98,"Electra Townie Original 7D EQ - 2016","Comfort Bicycles","Baldwin Bikes","Venita Daniel"
54,"Inge Olsen","Long Beach",NY,2016-02-04,1,999.99,"Surly Wednesday Frameset - 2016","Mountain Bikes","Baldwin Bikes","Venita Daniel"
55,"Chanel May","Garden City",NY,2016-02-04,1,269.99,"Electra Cruiser 1 (24-Inch) - 2016","Children Bicycles","Baldwin Bikes","Marcelene Boyer"
55,"Chanel May","Garden City",NY,2016-02-04,2,999.98,"Electra Townie Original 7D - 2015/2016","Comfort Bicycles","Baldwin Bikes","Marcelene Boyer"
55,"Chanel May","Garden City",NY,2016-02-04,2,1059.98,"Electra Moto 1 - 2016","Cruisers Bicycles","Baldwin Bikes","Marcelene Boyer"
56,"Nathaniel Davidson",Rome,NY,2016-02-04,2,1199.98,"Electra Townie Original 7D EQ - Women's - 2016","Cruisers Bicycles","Baldwin Bikes","Marcelene Boyer"
57,"Dalia Carson",Rochester,NY,2016-02-04,2,599.98,"Electra Girl's Hawaii 1 (20-inch) - 2015/2016","Children Bicycles","Baldwin Bikes","Venita Daniel"
57,"Dalia Carson",Rochester,NY,2016-02-04,2,898.00,"Pure Cycles William 3-Speed - 2016","Cruisers Bicycles","Baldwin Bikes","Venita Daniel"
57,"Dalia Carson",Rochester,NY,2016-02-04,1,269.99,"Electra Cruiser 1 (24-Inch) - 2016","Cruisers Bicycles","Baldwin Bikes","Venita Daniel"
58,"Tiana Henderson","Franklin Square",NY,2016-02-05,2,539.98,"Electra Girl's Hawaii 1 (16-inch) - 2015/2016","Cruisers Bicycles","Baldwin Bikes","Marcelene Boyer"
58,"Tiana Henderson","Franklin Square",NY,2016-02-05,1,449.00,"Pure Cycles Western 3-Speed - Women's - 2015/2016","Cruisers Bicycles","Baldwin Bikes","Marcelene Boyer"
58,"Tiana Henderson","Franklin Square",NY,2016-02-05,1,299.99,"Electra Girl's Hawaii 1 (20-inch) - 2015/2016","Children Bicycles","Baldwin Bikes","Marcelene Boyer"
59,"Rodney Odom","Richmond Hill",NY,2016-02-05,1,269.99,"Electra Cruiser 1 (24-Inch) - 2016","Children Bicycles","Baldwin Bikes","Venita Daniel"
59,"Rodney Odom","Richmond Hill",NY,2016-02-05,1,749.99,"Ritchey Timberwolf Frameset - 2016","Mountain Bikes","Baldwin Bikes","Venita Daniel"
59,"Rodney Odom","Richmond Hill",NY,2016-02-05,2,858.00,"Pure Cycles Vine 8-Speed - 2016","Cruisers Bicycles","Baldwin Bikes","Venita Daniel"
61,"Mark Garrett",Monroe,NY,2016-02-06,1,499.99,"Electra Townie Original 7D - 2015/2016","Comfort Bicycles","Baldwin Bikes","Venita Daniel"
61,"Mark Garrett",Monroe,NY,2016-02-06,2,1059.98,"Electra Moto 1 - 2016","Cruisers Bicycles","Baldwin Bikes","Venita Daniel"
61,"Mark Garrett",Monroe,NY,2016-02-06,2,2641.98,"Heller Shagamaw Frame - 2016","Mountain Bikes","Baldwin Bikes","Venita Daniel"
63,"Dann Huff","Huntington Station",NY,2016-02-07,2,999.98,"Electra Townie Original 7D - 2015/2016","Comfort Bicycles","Baldwin Bikes","Venita Daniel"
63,"Dann Huff","Huntington Station",NY,2016-02-07,2,898.00,"Pure Cycles William 3-Speed - 2016","Cruisers Bicycles","Baldwin Bikes","Venita Daniel"
63,"Dann Huff","Huntington Station",NY,2016-02-07,1,999.99,"Surly Wednesday Frameset - 2016","Mountain Bikes","Baldwin Bikes","Venita Daniel"
64,"Corine Stuart","Clifton Park",NY,2016-02-07,2,999.98,"Electra Townie Original 7D - 2015/2016","Comfort Bicycles","Baldwin Bikes","Marcelene Boyer"
64,"Corine Stuart","Clifton Park",NY,2016-02-07,2,539.98,"Electra Girl's Hawaii 1 (16-inch) - 2015/2016","Children Bicycles","Baldwin Bikes","Marcelene Boyer"
64,"Corine Stuart","Clifton Park",NY,2016-02-07,2,599.98,"Electra Girl's Hawaii 1 (20-inch) - 2015/2016","Children Bicycles","Baldwin Bikes","Marcelene Boyer"
64,"Corine Stuart","Clifton Park",NY,2016-02-07,2,1099.98,"Electra Townie Original 21D - 2016","Comfort Bicycles","Baldwin Bikes","Marcelene Boyer"
65,"Serafina Clemons",Shirley,NY,2016-02-08,1,549.99,"Electra Townie Original 21D - 2016","Cruisers Bicycles","Baldwin Bikes","Marcelene Boyer"
66,"Susannah Fields","Far Rockaway",NY,2016-02-09,1,749.99,"Ritchey Timberwolf Frameset - 2016","Mountain Bikes","Baldwin Bikes","Venita Daniel"
66,"Susannah Fields","Far Rockaway",NY,2016-02-09,1,299.99,"Electra Girl's Hawaii 1 (20-inch) - 2015/2016","Children Bicycles","Baldwin Bikes","Venita Daniel"
66,"Susannah Fields","Far Rockaway",NY,2016-02-09,1,549.99,"Electra Townie Original 21D - 2016","Cruisers Bicycles","Baldwin Bikes","Venita Daniel"
68,"Kristen Alvarez",Bronx,NY,2016-02-10,2,539.98,"Electra Cruiser 1 (24-Inch) - 2016","Cruisers Bicycles","Baldwin Bikes","Marcelene Boyer"
68,"Kristen Alvarez",Bronx,NY,2016-02-10,1,429.00,"Pure Cycles Vine 8-Speed - 2016","Cruisers Bicycles","Baldwin Bikes","Marcelene Boyer"
69,"Ophelia Decker","New Windsor",NY,2016-02-10,2,539.98,"Electra Girl's Hawaii 1 (16-inch) - 2015/2016","Children Bicycles","Baldwin Bikes","Venita Daniel"
69,"Ophelia Decker","New Windsor",NY,2016-02-10,1,1320.99,"Heller Shagamaw Frame - 2016","Mountain Bikes","Baldwin Bikes","Venita Daniel"
69,"Ophelia Decker","New Windsor",NY,2016-02-10,1,1549.00,"Surly Straggler - 2016","Cyclocross Bicycles","Baldwin Bikes","Venita Daniel"
71,"Cathey Lamb",Bayside,NY,2016-02-11,2,1199.98,"Electra Townie Original 7D EQ - 2016","Comfort Bicycles","Baldwin Bikes","Venita Daniel"
71,"Cathey Lamb",Bayside,NY,2016-02-11,1,549.99,"Electra Townie Original 21D - 2016","Comfort Bicycles","Baldwin Bikes","Venita Daniel"
71,"Cathey Lamb",Bayside,NY,2016-02-11,1,449.00,"Pure Cycles Western 3-Speed - Women's - 2015/2016","Cruisers Bicycles","Baldwin Bikes","Venita Daniel"
73,"Gabriel Wagner","Ballston Spa",NY,2016-02-12,1,269.99,"Electra Girl's Hawaii 1 (16-inch) - 2015/2016","Children Bicycles","Baldwin Bikes","Venita Daniel"
73,"Gabriel Wagner","Ballston Spa",NY,2016-02-12,2,1199.98,"Electra Townie Original 7D EQ - 2016","Comfort Bicycles","Baldwin Bikes","Venita Daniel"
73,"Gabriel Wagner","Ballston Spa",NY,2016-02-12,2,1999.98,"Surly Wednesday Frameset - 2016","Mountain Bikes","Baldwin Bikes","Venita Daniel"
73,"Gabriel Wagner","Ballston Spa",NY,2016-02-12,1,499.99,"Electra Townie Original 7D - 2015/2016","Comfort Bicycles","Baldwin Bikes","Venita Daniel"
73,"Gabriel Wagner","Ballston Spa",NY,2016-02-12,2,599.98,"Electra Girl's Hawaii 1 (20-inch) - 2015/2016","Children Bicycles","Baldwin Bikes","Venita Daniel"
74,"Mariela Huffman","Garden City",NY,2016-02-13,2,1199.98,"Electra Townie Original 7D EQ - 2016","Cruisers Bicycles","Baldwin Bikes","Venita Daniel"
74,"Mariela Huffman","Garden City",NY,2016-02-13,1,469.99,"Surly Ice Cream Truck Frameset - 2016","Mountain Bikes","Baldwin Bikes","Venita Daniel"
75,"Euna Lopez",Carmel,NY,2016-02-14,1,999.99,"Surly Wednesday Frameset - 2016","Mountain Bikes","Baldwin Bikes","Marcelene Boyer"
75,"Euna Lopez",Carmel,NY,2016-02-14,2,7999.98,"Trek Slash 8 27.5 - 2016","Mountain Bikes","Baldwin Bikes","Marcelene Boyer"
75,"Euna Lopez",Carmel,NY,2016-02-14,1,529.99,"Electra Moto 1 - 2016","Cruisers Bicycles","Baldwin Bikes","Marcelene Boyer"
76,"Genoveva Baldwin","Port Washington",NY,2016-02-16,1,549.99,"Electra Townie Original 21D - 2016","Cruisers Bicycles","Baldwin Bikes","Marcelene Boyer"
76,"Genoveva Baldwin","Port Washington",NY,2016-02-16,2,3361.98,"Surly Straggler 650b - 2016","Cyclocross Bicycles","Baldwin Bikes","Marcelene Boyer"
76,"Genoveva Baldwin","Port Washington",NY,2016-02-16,1,1320.99,"Heller Shagamaw Frame - 2016","Mountain Bikes","Baldwin Bikes","Marcelene Boyer"
78,"Trinidad Chapman",Ronkonkoma,NY,2016-02-16,1,429.00,"Pure Cycles Vine 8-Speed - 2016","Cruisers Bicycles","Baldwin Bikes","Venita Daniel"
78,"Trinidad Chapman",Ronkonkoma,NY,2016-02-16,1,449.00,"Pure Cycles William 3-Speed - 2016","Cruisers Bicycles","Baldwin Bikes","Venita Daniel"
78,"Trinidad Chapman",Ronkonkoma,NY,2016-02-16,2,898.00,"Pure Cycles Western 3-Speed - Women's - 2015/2016","Cruisers Bicycles","Baldwin Bikes","Venita Daniel"
78,"Trinidad Chapman",Ronkonkoma,NY,2016-02-16,2,539.98,"Electra Girl's Hawaii 1 (16-inch) - 2015/2016","Cruisers Bicycles","Baldwin Bikes","Venita Daniel"
80,"Jeannie Wilcox","Franklin Square",NY,2016-02-17,1,599.99,"Electra Townie Original 7D EQ - 2016","Comfort Bicycles","Baldwin Bikes","Marcelene Boyer"
80,"Jeannie Wilcox","Franklin Square",NY,2016-02-17,1,549.99,"Electra Townie Original 21D - 2016","Comfort Bicycles","Baldwin Bikes","Marcelene Boyer"
80,"Jeannie Wilcox","Franklin Square",NY,2016-02-17,1,429.00,"Pure Cycles Vine 8-Speed - 2016","Cruisers Bicycles","Baldwin Bikes","Marcelene Boyer"
81,"Max Charles","Glen Cove",NY,2016-02-17,2,3098.00,"Surly Straggler - 2016","Cyclocross Bicycles","Baldwin Bikes","Marcelene Boyer"
81,"Max Charles","Glen Cove",NY,2016-02-17,2,599.98,"Electra Girl's Hawaii 1 (20-inch) - 2015/2016","Children Bicycles","Baldwin Bikes","Marcelene Boyer"
81,"Max Charles","Glen Cove",NY,2016-02-17,2,999.98,"Electra Townie Original 7D - 2015/2016","Comfort Bicycles","Baldwin Bikes","Marcelene Boyer"
82,"Bronwyn Vargas","New Windsor",NY,2016-02-18,2,999.98,"Electra Townie Original 7D - 2015/2016","Comfort Bicycles","Baldwin Bikes","Marcelene Boyer"
82,"Bronwyn Vargas","New Windsor",NY,2016-02-18,2,3361.98,"Surly Straggler 650b - 2016","Cyclocross Bicycles","Baldwin Bikes","Marcelene Boyer"
84,"Christia Wilkins",Woodside,NY,2016-02-20,2,599.98,"Electra Girl's Hawaii 1 (20-inch) - 2015/2016","Children Bicycles","Baldwin Bikes","Venita Daniel"
84,"Christia Wilkins",Woodside,NY,2016-02-20,2,1059.98,"Electra Moto 1 - 2016","Cruisers Bicycles","Baldwin Bikes","Venita Daniel"
85,"Aaron Knapp",Yonkers,NY,2016-02-20,2,5799.98,"Trek Fuel EX 8 29 - 2016","Mountain Bikes","Baldwin Bikes","Venita Daniel"
85,"Aaron Knapp",Yonkers,NY,2016-02-20,1,449.00,"Pure Cycles Western 3-Speed - Women's - 2015/2016","Cruisers Bicycles","Baldwin Bikes","Venita Daniel"
86,"Lavette Wright",Ronkonkoma,NY,2016-02-21,2,5999.98,"Trek Conduit+ - 2016","Electric Bikes","Baldwin Bikes","Venita Daniel"
86,"Lavette Wright",Ronkonkoma,NY,2016-02-21,2,599.98,"Electra Girl's Hawaii 1 (20-inch) - 2015/2016","Children Bicycles","Baldwin Bikes","Venita Daniel"
86,"Lavette Wright",Ronkonkoma,NY,2016-02-21,2,539.98,"Electra Cruiser 1 (24-Inch) - 2016","Children Bicycles","Baldwin Bikes","Venita Daniel"
86,"Lavette Wright",Ronkonkoma,NY,2016-02-21,1,529.99,"Electra Moto 1 - 2016","Cruisers Bicycles","Baldwin Bikes","Venita Daniel"
87,"Rosa Kinney",Brooklyn,NY,2016-02-21,2,1199.98,"Electra Townie Original 7D EQ - Women's - 2016","Cruisers Bicycles","Baldwin Bikes","Marcelene Boyer"
87,"Rosa Kinney",Brooklyn,NY,2016-02-21,2,599.98,"Electra Girl's Hawaii 1 (20-inch) - 2015/2016","Children Bicycles","Baldwin Bikes","Marcelene Boyer"
88,"Rodolfo Buck",Shirley,NY,2016-02-21,1,1549.00,"Surly Straggler - 2016","Cyclocross Bicycles","Baldwin Bikes","Marcelene Boyer"
88,"Rodolfo Buck",Shirley,NY,2016-02-21,2,3599.98,"Trek Remedy 29 Carbon Frameset - 2016","Mountain Bikes","Baldwin Bikes","Marcelene Boyer"
88,"Rodolfo Buck",Shirley,NY,2016-02-21,1,3999.99,"Trek Slash 8 27.5 - 2016","Mountain Bikes","Baldwin Bikes","Marcelene Boyer"
90,"Romaine Haley",Ithaca,NY,2016-02-23,1,999.99,"Surly Wednesday Frameset - 2016","Mountain Bikes","Baldwin Bikes","Venita Daniel"
90,"Romaine Haley",Ithaca,NY,2016-02-23,1,469.99,"Surly Ice Cream Truck Frameset - 2016","Mountain Bikes","Baldwin Bikes","Venita Daniel"
92,"Kimberli Cline",Centereach,NY,2016-02-25,1,1799.99,"Trek Remedy 29 Carbon Frameset - 2016","Mountain Bikes","Baldwin Bikes","Venita Daniel"
95,"Casey Gill","Port Washington",NY,2016-02-27,2,3098.00,"Surly Straggler - 2016","Cyclocross Bicycles","Baldwin Bikes","Venita Daniel"
95,"Casey Gill","Port Washington",NY,2016-02-27,1,449.00,"Pure Cycles William 3-Speed - 2016","Cruisers Bicycles","Baldwin Bikes","Venita Daniel"
95,"Casey Gill","Port Washington",NY,2016-02-27,2,3599.98,"Trek Remedy 29 Carbon Frameset - 2016","Mountain Bikes","Baldwin Bikes","Venita Daniel"
95,"Casey Gill","Port Washington",NY,2016-02-27,2,1199.98,"Electra Townie Original 7D EQ - Women's - 2016","Cruisers Bicycles","Baldwin Bikes","Venita Daniel"
96,"Keitha Black",Lindenhurst,NY,2016-02-27,1,599.99,"Electra Townie Original 7D EQ - 2016","Comfort Bicycles","Baldwin Bikes","Venita Daniel"
96,"Keitha Black",Lindenhurst,NY,2016-02-27,1,299.99,"Electra Girl's Hawaii 1 (20-inch) - 2015/2016","Children Bicycles","Baldwin Bikes","Venita Daniel"
97,"Alpha King","Rockville Centre",NY,2016-02-28,2,1199.98,"Electra Townie Original 7D EQ - Women's - 2016","Cruisers Bicycles","Baldwin Bikes","Venita Daniel"
97,"Alpha King","Rockville Centre",NY,2016-02-28,1,749.99,"Ritchey Timberwolf Frameset - 2016","Mountain Bikes","Baldwin Bikes","Venita Daniel"
97,"Alpha King","Rockville Centre",NY,2016-02-28,2,939.98,"Surly Ice Cream Truck Frameset - 2016","Mountain Bikes","Baldwin Bikes","Venita Daniel"
97,"Alpha King","Rockville Centre",NY,2016-02-28,1,449.00,"Pure Cycles William 3-Speed - 2016","Cruisers Bicycles","Baldwin Bikes","Venita Daniel"
98,"Leticia Snyder",Pittsford,NY,2016-02-28,1,449.00,"Pure Cycles William 3-Speed - 2016","Cruisers Bicycles","Baldwin Bikes","Marcelene Boyer"
98,"Leticia Snyder",Pittsford,NY,2016-02-28,1,269.99,"Electra Cruiser 1 (24-Inch) - 2016","Children Bicycles","Baldwin Bikes","Marcelene Boyer"
98,"Leticia Snyder",Pittsford,NY,2016-02-28,1,749.99,"Ritchey Timberwolf Frameset - 2016","Mountain Bikes","Baldwin Bikes","Marcelene Boyer"
98,"Leticia Snyder",Pittsford,NY,2016-02-28,2,539.98,"Electra Girl's Hawaii 1 (16-inch) - 2015/2016","Children Bicycles","Baldwin Bikes","Marcelene Boyer"
100,"Luke Kramer",Bethpage,NY,2016-03-01,2,1099.98,"Electra Townie Original 21D - 2016","Cruisers Bicycles","Baldwin Bikes","Venita Daniel"
100,"Luke Kramer",Bethpage,NY,2016-03-01,2,3361.98,"Surly Straggler 650b - 2016","Cyclocross Bicycles","Baldwin Bikes","Venita Daniel"
100,"Luke Kramer",Bethpage,NY,2016-03-01,2,7999.98,"Trek Slash 8 27.5 - 2016","Mountain Bikes","Baldwin Bikes","Venita Daniel"
100,"Luke Kramer",Bethpage,NY,2016-03-01,2,1199.98,"Electra Townie Original 7D EQ - 2016","Cruisers Bicycles","Baldwin Bikes","Venita Daniel"
100,"Luke Kramer",Bethpage,NY,2016-03-01,2,1099.98,"Electra Townie Original 21D - 2016","Comfort Bicycles","Baldwin Bikes","Venita Daniel"
102,"Trisha Johnson",Lancaster,NY,2016-03-02,1,529.99,"Electra Moto 1 - 2016","Cruisers Bicycles","Baldwin Bikes","Venita Daniel"
102,"Trisha Johnson",Lancaster,NY,2016-03-02,1,269.99,"Electra Girl's Hawaii 1 (16-inch) - 2015/2016","Children Bicycles","Baldwin Bikes","Venita Daniel"
104,"Latasha Hays",Buffalo,NY,2016-03-03,2,898.00,"Pure Cycles William 3-Speed - 2016","Cruisers Bicycles","Baldwin Bikes","Venita Daniel"
104,"Latasha Hays",Buffalo,NY,2016-03-03,1,599.99,"Electra Townie Original 7D EQ - 2016","Comfort Bicycles","Baldwin Bikes","Venita Daniel"
105,"Vikki Erickson",Kingston,NY,2016-03-03,2,3361.98,"Surly Straggler 650b - 2016","Cyclocross Bicycles","Baldwin Bikes","Venita Daniel"
105,"Vikki Erickson",Kingston,NY,2016-03-03,1,999.99,"Surly Wednesday Frameset - 2016","Mountain Bikes","Baldwin Bikes","Venita Daniel"
105,"Vikki Erickson",Kingston,NY,2016-03-03,1,2999.99,"Trek Conduit+ - 2016","Electric Bikes","Baldwin Bikes","Venita Daniel"
108,"Robby Sykes",Hempstead,NY,2016-03-06,1,1680.99,"Surly Straggler 650b - 2016","Cyclocross Bicycles","Baldwin Bikes","Marcelene Boyer"
108,"Robby Sykes",Hempstead,NY,2016-03-06,2,539.98,"Electra Girl's Hawaii 1 (16-inch) - 2015/2016","Children Bicycles","Baldwin Bikes","Marcelene Boyer"
108,"Robby Sykes",Hempstead,NY,2016-03-06,2,1199.98,"Electra Townie Original 7D EQ - 2016","Cruisers Bicycles","Baldwin Bikes","Marcelene Boyer"
109,"Ben Stone",Ithaca,NY,2016-03-06,2,539.98,"Electra Girl's Hawaii 1 (16-inch) - 2015/2016","Children Bicycles","Baldwin Bikes","Marcelene Boyer"
109,"Ben Stone",Ithaca,NY,2016-03-06,1,469.99,"Surly Ice Cream Truck Frameset - 2016","Mountain Bikes","Baldwin Bikes","Marcelene Boyer"
111,"Zulema Browning",Amsterdam,NY,2016-03-07,1,269.99,"Electra Girl's Hawaii 1 (16-inch) - 2015/2016","Cruisers Bicycles","Baldwin Bikes","Marcelene Boyer"
111,"Zulema Browning",Amsterdam,NY,2016-03-07,2,1099.98,"Electra Townie Original 21D - 2016","Cruisers Bicycles","Baldwin Bikes","Marcelene Boyer"
112,"Micki Rutledge","Richmond Hill",NY,2016-03-08,2,599.98,"Electra Girl's Hawaii 1 (20-inch) - 2015/2016","Children Bicycles","Baldwin Bikes","Marcelene Boyer"
112,"Micki Rutledge","Richmond Hill",NY,2016-03-08,2,999.98,"Electra Townie Original 7D - 2015/2016","Comfort Bicycles","Baldwin Bikes","Marcelene Boyer"
112,"Micki Rutledge","Richmond Hill",NY,2016-03-08,2,1099.98,"Electra Townie Original 21D - 2016","Comfort Bicycles","Baldwin Bikes","Marcelene Boyer"
112,"Micki Rutledge","Richmond Hill",NY,2016-03-08,1,1320.99,"Heller Shagamaw Frame - 2016","Mountain Bikes","Baldwin Bikes","Marcelene Boyer"
113,"Theresia Barron","Forest Hills",NY,2016-03-08,2,1099.98,"Electra Townie Original 21D - 2016","Cruisers Bicycles","Baldwin Bikes","Marcelene Boyer"
113,"Theresia Barron","Forest Hills",NY,2016-03-08,2,1099.98,"Electra Townie Original 21D - 2016","Comfort Bicycles","Baldwin Bikes","Marcelene Boyer"
113,"Theresia Barron","Forest Hills",NY,2016-03-08,1,469.99,"Surly Ice Cream Truck Frameset - 2016","Mountain Bikes","Baldwin Bikes","Marcelene Boyer"
113,"Theresia Barron","Forest Hills",NY,2016-03-08,1,299.99,"Electra Girl's Hawaii 1 (20-inch) - 2015/2016","Children Bicycles","Baldwin Bikes","Marcelene Boyer"
113,"Theresia Barron","Forest Hills",NY,2016-03-08,2,2641.98,"Heller Shagamaw Frame - 2016","Mountain Bikes","Baldwin Bikes","Marcelene Boyer"
114,"Mark Benton","East Elmhurst",NY,2016-03-08,1,549.99,"Electra Townie Original 21D - 2016","Cruisers Bicycles","Baldwin Bikes","Venita Daniel"
114,"Mark Benton","East Elmhurst",NY,2016-03-08,1,749.99,"Ritchey Timberwolf Frameset - 2016","Mountain Bikes","Baldwin Bikes","Venita Daniel"
114,"Mark Benton","East Elmhurst",NY,2016-03-08,2,539.98,"Electra Cruiser 1 (24-Inch) - 2016","Cruisers Bicycles","Baldwin Bikes","Venita Daniel"
115,"Starr Schneider",Shirley,NY,2016-03-09,1,269.99,"Electra Girl's Hawaii 1 (16-inch) - 2015/2016","Children Bicycles","Baldwin Bikes","Venita Daniel"
115,"Starr Schneider",Shirley,NY,2016-03-09,1,449.00,"Pure Cycles William 3-Speed - 2016","Cruisers Bicycles","Baldwin Bikes","Venita Daniel"
116,"Burma Summers",Freeport,NY,2016-03-10,1,599.99,"Electra Townie Original 7D EQ - 2016","Comfort Bicycles","Baldwin Bikes","Venita Daniel"
117,"Gwenn Melton",Centereach,NY,2016-03-10,2,539.98,"Electra Girl's Hawaii 1 (16-inch) - 2015/2016","Children Bicycles","Baldwin Bikes","Marcelene Boyer"
117,"Gwenn Melton",Centereach,NY,2016-03-10,1,599.99,"Electra Townie Original 7D EQ - 2016","Comfort Bicycles","Baldwin Bikes","Marcelene Boyer"
117,"Gwenn Melton",Centereach,NY,2016-03-10,1,269.99,"Electra Girl's Hawaii 1 (16-inch) - 2015/2016","Cruisers Bicycles","Baldwin Bikes","Marcelene Boyer"
117,"Gwenn Melton",Centereach,NY,2016-03-10,1,449.00,"Pure Cycles William 3-Speed - 2016","Cruisers Bicycles","Baldwin Bikes","Marcelene Boyer"
119,"Bryce Monroe",Kingston,NY,2016-03-12,1,499.99,"Electra Townie Original 7D - 2015/2016","Comfort Bicycles","Baldwin Bikes","Venita Daniel"
120,"Sharie Alvarez","New York",NY,2016-03-14,2,539.98,"Electra Cruiser 1 (24-Inch) - 2016","Cruisers Bicycles","Baldwin Bikes","Venita Daniel"
120,"Sharie Alvarez","New York",NY,2016-03-14,2,939.98,"Surly Ice Cream Truck Frameset - 2016","Mountain Bikes","Baldwin Bikes","Venita Daniel"
120,"Sharie Alvarez","New York",NY,2016-03-14,2,3098.00,"Surly Straggler - 2016","Cyclocross Bicycles","Baldwin Bikes","Venita Daniel"
120,"Sharie Alvarez","New York",NY,2016-03-14,1,429.00,"Pure Cycles Vine 8-Speed - 2016","Cruisers Bicycles","Baldwin Bikes","Venita Daniel"
120,"Sharie Alvarez","New York",NY,2016-03-14,2,1199.98,"Electra Townie Original 7D EQ - 2016","Cruisers Bicycles","Baldwin Bikes","Venita Daniel"
121,"Tomika Wilder","New Hyde Park",NY,2016-03-14,1,1320.99,"Heller Shagamaw Frame - 2016","Mountain Bikes","Baldwin Bikes","Marcelene Boyer"
121,"Tomika Wilder","New Hyde Park",NY,2016-03-14,2,539.98,"Electra Girl's Hawaii 1 (16-inch) - 2015/2016","Cruisers Bicycles","Baldwin Bikes","Marcelene Boyer"
121,"Tomika Wilder","New Hyde Park",NY,2016-03-14,2,5799.98,"Trek Fuel EX 8 29 - 2016","Mountain Bikes","Baldwin Bikes","Marcelene Boyer"
121,"Tomika Wilder","New Hyde Park",NY,2016-03-14,2,1099.98,"Electra Townie Original 21D - 2016","Comfort Bicycles","Baldwin Bikes","Marcelene Boyer"
121,"Tomika Wilder","New Hyde Park",NY,2016-03-14,2,1499.98,"Ritchey Timberwolf Frameset - 2016","Mountain Bikes","Baldwin Bikes","Marcelene Boyer"
122,"Wallace Lane","South Richmond Hill",NY,2016-03-14,1,599.99,"Electra Townie Original 7D EQ - 2016","Cruisers Bicycles","Baldwin Bikes","Marcelene Boyer"
123,"Lecia Hancock",Schenectady,NY,2016-03-15,2,1099.98,"Electra Townie Original 21D - 2016","Cruisers Bicycles","Baldwin Bikes","Marcelene Boyer"
125,"Laverne Craft","Forest Hills",NY,2016-03-16,1,429.00,"Pure Cycles Vine 8-Speed - 2016","Cruisers Bicycles","Baldwin Bikes","Marcelene Boyer"
126,"Shenna Espinoza",Queensbury,NY,2016-03-16,2,5999.98,"Trek Conduit+ - 2016","Electric Bikes","Baldwin Bikes","Venita Daniel"
128,"Lissa Vargas",Oswego,NY,2016-03-18,2,1099.98,"Electra Townie Original 21D - 2016","Comfort Bicycles","Baldwin Bikes","Marcelene Boyer"
128,"Lissa Vargas",Oswego,NY,2016-03-18,2,1199.98,"Electra Townie Original 7D EQ - 2016","Cruisers Bicycles","Baldwin Bikes","Marcelene Boyer"
128,"Lissa Vargas",Oswego,NY,2016-03-18,2,5799.98,"Trek Fuel EX 8 29 - 2016","Mountain Bikes","Baldwin Bikes","Marcelene Boyer"
128,"Lissa Vargas",Oswego,NY,2016-03-18,2,1999.98,"Surly Wednesday Frameset - 2016","Mountain Bikes","Baldwin Bikes","Marcelene Boyer"
129,"Armand Whitehead",Lindenhurst,NY,2016-03-19,1,449.00,"Pure Cycles Western 3-Speed - Women's - 2015/2016","Cruisers Bicycles","Baldwin Bikes","Venita Daniel"
129,"Armand Whitehead",Lindenhurst,NY,2016-03-19,1,2999.99,"Trek Conduit+ - 2016","Electric Bikes","Baldwin Bikes","Venita Daniel"
130,"Marcelino Mcbride","Clifton Park",NY,2016-03-19,1,599.99,"Electra Townie Original 7D EQ - 2016","Comfort Bicycles","Baldwin Bikes","Marcelene Boyer"
130,"Marcelino Mcbride","Clifton Park",NY,2016-03-19,2,2641.98,"Heller Shagamaw Frame - 2016","Mountain Bikes","Baldwin Bikes","Marcelene Boyer"
133,"Jerome Bolton",Carmel,NY,2016-03-20,2,539.98,"Electra Cruiser 1 (24-Inch) - 2016","Cruisers Bicycles","Baldwin Bikes","Venita Daniel"
133,"Jerome Bolton",Carmel,NY,2016-03-20,1,269.99,"Electra Girl's Hawaii 1 (16-inch) - 2015/2016","Children Bicycles","Baldwin Bikes","Venita Daniel"
134,"Tuan Wolfe","West Babylon",NY,2016-03-20,2,898.00,"Pure Cycles William 3-Speed - 2016","Cruisers Bicycles","Baldwin Bikes","Venita Daniel"
134,"Tuan Wolfe","West Babylon",NY,2016-03-20,2,1499.98,"Ritchey Timberwolf Frameset - 2016","Mountain Bikes","Baldwin Bikes","Venita Daniel"
134,"Tuan Wolfe","West Babylon",NY,2016-03-20,2,898.00,"Pure Cycles Western 3-Speed - Women's - 2015/2016","Cruisers Bicycles","Baldwin Bikes","Venita Daniel"
135,"Alexandria Zamora",Schenectady,NY,2016-03-21,2,2641.98,"Heller Shagamaw Frame - 2016","Mountain Bikes","Baldwin Bikes","Venita Daniel"
135,"Alexandria Zamora",Schenectady,NY,2016-03-21,2,898.00,"Pure Cycles Western 3-Speed - Women's - 2015/2016","Cruisers Bicycles","Baldwin Bikes","Venita Daniel"
135,"Alexandria Zamora",Schenectady,NY,2016-03-21,1,499.99,"Electra Townie Original 7D - 2015/2016","Comfort Bicycles","Baldwin Bikes","Venita Daniel"
135,"Alexandria Zamora",Schenectady,NY,2016-03-21,1,749.99,"Ritchey Timberwolf Frameset - 2016","Mountain Bikes","Baldwin Bikes","Venita Daniel"
137,"Jina Cooper","Howard Beach",NY,2016-03-23,1,299.99,"Electra Girl's Hawaii 1 (20-inch) - 2015/2016","Children Bicycles","Baldwin Bikes","Venita Daniel"
137,"Jina Cooper","Howard Beach",NY,2016-03-23,1,269.99,"Electra Girl's Hawaii 1 (16-inch) - 2015/2016","Children Bicycles","Baldwin Bikes","Venita Daniel"
138,"Katharine Herrera",Queensbury,NY,2016-03-23,2,1199.98,"Electra Townie Original 7D EQ - 2016","Cruisers Bicycles","Baldwin Bikes","Venita Daniel"
138,"Katharine Herrera",Queensbury,NY,2016-03-23,1,469.99,"Surly Ice Cream Truck Frameset - 2016","Mountain Bikes","Baldwin Bikes","Venita Daniel"
139,"Ezra Silva","New Windsor",NY,2016-03-23,2,898.00,"Pure Cycles William 3-Speed - 2016","Cruisers Bicycles","Baldwin Bikes","Venita Daniel"
139,"Ezra Silva","New Windsor",NY,2016-03-23,1,999.99,"Surly Wednesday Frameset - 2016","Mountain Bikes","Baldwin Bikes","Venita Daniel"
140,"Devin Velazquez",Brentwood,NY,2016-03-23,1,529.99,"Electra Moto 1 - 2016","Cruisers Bicycles","Baldwin Bikes","Venita Daniel"
140,"Devin Velazquez",Brentwood,NY,2016-03-23,1,269.99,"Electra Cruiser 1 (24-Inch) - 2016","Children Bicycles","Baldwin Bikes","Venita Daniel"
140,"Devin Velazquez",Brentwood,NY,2016-03-23,2,1099.98,"Electra Townie Original 21D - 2016","Cruisers Bicycles","Baldwin Bikes","Venita Daniel"
140,"Devin Velazquez",Brentwood,NY,2016-03-23,1,999.99,"Surly Wednesday Frameset - 2016","Mountain Bikes","Baldwin Bikes","Venita Daniel"
141,"Erlene Cook","Mount Vernon",NY,2016-03-25,1,449.00,"Pure Cycles Western 3-Speed - Women's - 2015/2016","Cruisers Bicycles","Baldwin Bikes","Venita Daniel"
143,"Merlin Foreman",Hempstead,NY,2016-03-26,1,469.99,"Surly Ice Cream Truck Frameset - 2016","Mountain Bikes","Baldwin Bikes","Venita Daniel"
144,"Hubert Reilly",Amityville,NY,2016-03-26,2,3599.98,"Trek Remedy 29 Carbon Frameset - 2016","Mountain Bikes","Baldwin Bikes","Venita Daniel"
145,"Lavonne Anderson","Floral Park",NY,2016-03-27,1,1680.99,"Surly Straggler 650b - 2016","Cyclocross Bicycles","Baldwin Bikes","Marcelene Boyer"
145,"Lavonne Anderson","Floral Park",NY,2016-03-27,2,5999.98,"Trek Conduit+ - 2016","Electric Bikes","Baldwin Bikes","Marcelene Boyer"
147,"Diana Guerra",Merrick,NY,2016-03-28,2,1199.98,"Electra Townie Original 7D EQ - 2016","Comfort Bicycles","Baldwin Bikes","Venita Daniel"
148,"Senaida Thompson",Bronx,NY,2016-03-28,1,269.99,"Electra Girl's Hawaii 1 (16-inch) - 2015/2016","Cruisers Bicycles","Baldwin Bikes","Marcelene Boyer"
149,"Han Schneider",Elmhurst,NY,2016-03-28,2,1099.98,"Electra Townie Original 21D - 2016","Cruisers Bicycles","Baldwin Bikes","Marcelene Boyer"
149,"Han Schneider",Elmhurst,NY,2016-03-28,2,539.98,"Electra Cruiser 1 (24-Inch) - 2016","Children Bicycles","Baldwin Bikes","Marcelene Boyer"
152,"Parker Prince","Port Jefferson Station",NY,2016-03-29,2,939.98,"Surly Ice Cream Truck Frameset - 2016","Mountain Bikes","Baldwin Bikes","Marcelene Boyer"
152,"Parker Prince","Port Jefferson Station",NY,2016-03-29,2,539.98,"Electra Girl's Hawaii 1 (16-inch) - 2015/2016","Children Bicycles","Baldwin Bikes","Marcelene Boyer"
152,"Parker Prince","Port Jefferson Station",NY,2016-03-29,2,1199.98,"Electra Townie Original 7D EQ - 2016","Cruisers Bicycles","Baldwin Bikes","Marcelene Boyer"
153,"Edda Young","North Tonawanda",NY,2016-03-30,1,599.99,"Electra Townie Original 7D EQ - 2016","Cruisers Bicycles","Baldwin Bikes","Marcelene Boyer"
153,"Edda Young","North Tonawanda",NY,2016-03-30,1,1799.99,"Trek Remedy 29 Carbon Frameset - 2016","Mountain Bikes","Baldwin Bikes","Marcelene Boyer"
153,"Edda Young","North Tonawanda",NY,2016-03-30,2,1059.98,"Electra Moto 1 - 2016","Cruisers Bicycles","Baldwin Bikes","Marcelene Boyer"
155,"Loni Duncan",Rosedale,NY,2016-04-02,1,1799.99,"Trek Remedy 29 Carbon Frameset - 2016","Mountain Bikes","Baldwin Bikes","Marcelene Boyer"
160,"Harris Pittman",Jamaica,NY,2016-04-04,1,269.99,"Electra Cruiser 1 (24-Inch) - 2016","Children Bicycles","Baldwin Bikes","Venita Daniel"
160,"Harris Pittman",Jamaica,NY,2016-04-04,2,1059.98,"Electra Moto 1 - 2016","Cruisers Bicycles","Baldwin Bikes","Venita Daniel"
160,"Harris Pittman",Jamaica,NY,2016-04-04,2,898.00,"Pure Cycles Western 3-Speed - Women's - 2015/2016","Cruisers Bicycles","Baldwin Bikes","Venita Daniel"
160,"Harris Pittman",Jamaica,NY,2016-04-04,1,1680.99,"Surly Straggler 650b - 2016","Cyclocross Bicycles","Baldwin Bikes","Venita Daniel"
161,"Kasie Rodriquez","Ballston Spa",NY,2016-04-04,2,1099.98,"Electra Townie Original 21D - 2016","Comfort Bicycles","Baldwin Bikes","Venita Daniel"
161,"Kasie Rodriquez","Ballston Spa",NY,2016-04-04,1,269.99,"Electra Girl's Hawaii 1 (16-inch) - 2015/2016","Children Bicycles","Baldwin Bikes","Venita Daniel"
161,"Kasie Rodriquez","Ballston Spa",NY,2016-04-04,2,7999.98,"Trek Slash 8 27.5 - 2016","Mountain Bikes","Baldwin Bikes","Venita Daniel"
163,"Magdalena Sherman",Oswego,NY,2016-04-06,1,549.99,"Electra Townie Original 21D - 2016","Cruisers Bicycles","Baldwin Bikes","Venita Daniel"
163,"Magdalena Sherman",Oswego,NY,2016-04-06,1,449.00,"Pure Cycles Western 3-Speed - Women's - 2015/2016","Cruisers Bicycles","Baldwin Bikes","Venita Daniel"
164,"Leonore Dorsey","Jackson Heights",NY,2016-04-07,2,5799.98,"Trek Fuel EX 8 29 - 2016","Mountain Bikes","Baldwin Bikes","Venita Daniel"
164,"Leonore Dorsey","Jackson Heights",NY,2016-04-07,2,3098.00,"Surly Straggler - 2016","Cyclocross Bicycles","Baldwin Bikes","Venita Daniel"
164,"Leonore Dorsey","Jackson Heights",NY,2016-04-07,1,269.99,"Electra Girl's Hawaii 1 (16-inch) - 2015/2016","Cruisers Bicycles","Baldwin Bikes","Venita Daniel"
166,"Abbey Pugh","Forest Hills",NY,2016-04-08,2,3098.00,"Surly Straggler - 2016","Cyclocross Bicycles","Baldwin Bikes","Marcelene Boyer"
166,"Abbey Pugh","Forest Hills",NY,2016-04-08,1,1680.99,"Surly Straggler 650b - 2016","Cyclocross Bicycles","Baldwin Bikes","Marcelene Boyer"
167,"Rico Salas",Centereach,NY,2016-04-08,1,549.99,"Electra Townie Original 21D - 2016","Cruisers Bicycles","Baldwin Bikes","Venita Daniel"
167,"Rico Salas",Centereach,NY,2016-04-08,1,1549.00,"Surly Straggler - 2016","Cyclocross Bicycles","Baldwin Bikes","Venita Daniel"
167,"Rico Salas",Centereach,NY,2016-04-08,2,539.98,"Electra Cruiser 1 (24-Inch) - 2016","Cruisers Bicycles","Baldwin Bikes","Venita Daniel"
167,"Rico Salas",Centereach,NY,2016-04-08,2,7999.98,"Trek Slash 8 27.5 - 2016","Mountain Bikes","Baldwin Bikes","Venita Daniel"
169,"Carie Kidd",Monroe,NY,2016-04-10,2,1199.98,"Electra Townie Original 7D EQ - Women's - 2016","Cruisers Bicycles","Baldwin Bikes","Venita Daniel"
169,"Carie Kidd",Monroe,NY,2016-04-10,1,1320.99,"Heller Shagamaw Frame - 2016","Mountain Bikes","Baldwin Bikes","Venita Daniel"
169,"Carie Kidd",Monroe,NY,2016-04-10,1,1549.00,"Surly Straggler - 2016","Cyclocross Bicycles","Baldwin Bikes","Venita Daniel"
169,"Carie Kidd",Monroe,NY,2016-04-10,1,1680.99,"Surly Straggler 650b - 2016","Cyclocross Bicycles","Baldwin Bikes","Venita Daniel"
169,"Carie Kidd",Monroe,NY,2016-04-10,2,539.98,"Electra Girl's Hawaii 1 (16-inch) - 2015/2016","Cruisers Bicycles","Baldwin Bikes","Venita Daniel"
170,"Aubrey Durham","Port Washington",NY,2016-04-10,2,1099.98,"Electra Townie Original 21D - 2016","Cruisers Bicycles","Baldwin Bikes","Venita Daniel"
170,"Aubrey Durham","Port Washington",NY,2016-04-10,1,549.99,"Electra Townie Original 21D - 2016","Comfort Bicycles","Baldwin Bikes","Venita Daniel"
170,"Aubrey Durham","Port Washington",NY,2016-04-10,1,3999.99,"Trek Slash 8 27.5 - 2016","Mountain Bikes","Baldwin Bikes","Venita Daniel"
170,"Aubrey Durham","Port Washington",NY,2016-04-10,2,898.00,"Pure Cycles Western 3-Speed - Women's - 2015/2016","Cruisers Bicycles","Baldwin Bikes","Venita Daniel"
172,"Cindi Ellis","Floral Park",NY,2016-04-11,1,299.99,"Electra Girl's Hawaii 1 (20-inch) - 2015/2016","Children Bicycles","Baldwin Bikes","Venita Daniel"
172,"Cindi Ellis","Floral Park",NY,2016-04-11,1,599.99,"Electra Townie Original 7D EQ - 2016","Cruisers Bicycles","Baldwin Bikes","Venita Daniel"
174,"Destiny Goodman",Westbury,NY,2016-04-12,2,539.98,"Electra Girl's Hawaii 1 (16-inch) - 2015/2016","Children Bicycles","Baldwin Bikes","Venita Daniel"
174,"Destiny Goodman",Westbury,NY,2016-04-12,2,898.00,"Pure Cycles William 3-Speed - 2016","Cruisers Bicycles","Baldwin Bikes","Venita Daniel"
175,"Steve Bender",Scarsdale,NY,2016-04-13,1,1320.99,"Heller Shagamaw Frame - 2016","Mountain Bikes","Baldwin Bikes","Marcelene Boyer"
175,"Steve Bender",Scarsdale,NY,2016-04-13,2,1499.98,"Ritchey Timberwolf Frameset - 2016","Mountain Bikes","Baldwin Bikes","Marcelene Boyer"
175,"Steve Bender",Scarsdale,NY,2016-04-13,2,539.98,"Electra Cruiser 1 (24-Inch) - 2016","Children Bicycles","Baldwin Bikes","Marcelene Boyer"
175,"Steve Bender",Scarsdale,NY,2016-04-13,1,449.00,"Pure Cycles William 3-Speed - 2016","Cruisers Bicycles","Baldwin Bikes","Marcelene Boyer"
176,"Melba Wilkinson","Floral Park",NY,2016-04-15,2,1499.98,"Ritchey Timberwolf Frameset - 2016","Mountain Bikes","Baldwin Bikes","Venita Daniel"
176,"Melba Wilkinson","Floral Park",NY,2016-04-15,2,3361.98,"Surly Straggler 650b - 2016","Cyclocross Bicycles","Baldwin Bikes","Venita Daniel"
176,"Melba Wilkinson","Floral Park",NY,2016-04-15,2,1199.98,"Electra Townie Original 7D EQ - 2016","Cruisers Bicycles","Baldwin Bikes","Venita Daniel"
178,"Graig Roth","West Babylon",NY,2016-04-16,2,3098.00,"Surly Straggler - 2016","Cyclocross Bicycles","Baldwin Bikes","Marcelene Boyer"
178,"Graig Roth","West Babylon",NY,2016-04-16,1,549.99,"Electra Townie Original 21D - 2016","Cruisers Bicycles","Baldwin Bikes","Marcelene Boyer"
178,"Graig Roth","West Babylon",NY,2016-04-16,1,999.99,"Surly Wednesday Frameset - 2016","Mountain Bikes","Baldwin Bikes","Marcelene Boyer"
178,"Graig Roth","West Babylon",NY,2016-04-16,1,449.00,"Pure Cycles Western 3-Speed - Women's - 2015/2016","Cruisers Bicycles","Baldwin Bikes","Marcelene Boyer"
179,"Shery Acosta","Saratoga Springs",NY,2016-04-17,2,539.98,"Electra Cruiser 1 (24-Inch) - 2016","Cruisers Bicycles","Baldwin Bikes","Marcelene Boyer"
179,"Shery Acosta","Saratoga Springs",NY,2016-04-17,1,599.99,"Electra Townie Original 7D EQ - 2016","Comfort Bicycles","Baldwin Bikes","Marcelene Boyer"
179,"Shery Acosta","Saratoga Springs",NY,2016-04-17,1,449.00,"Pure Cycles Western 3-Speed - Women's - 2015/2016","Cruisers Bicycles","Baldwin Bikes","Marcelene Boyer"
179,"Shery Acosta","Saratoga Springs",NY,2016-04-17,2,1099.98,"Electra Townie Original 21D - 2016","Cruisers Bicycles","Baldwin Bikes","Marcelene Boyer"
179,"Shery Acosta","Saratoga Springs",NY,2016-04-17,2,1199.98,"Electra Townie Original 7D EQ - Women's - 2016","Cruisers Bicycles","Baldwin Bikes","Marcelene Boyer"
180,"Kristel Bullock",Smithtown,NY,2016-04-17,1,599.99,"Electra Townie Original 7D EQ - 2016","Cruisers Bicycles","Baldwin Bikes","Venita Daniel"
182,"Phylis Adkins","New York",NY,2016-04-18,2,999.98,"Electra Townie Original 7D - 2015/2016","Comfort Bicycles","Baldwin Bikes","Marcelene Boyer"
182,"Phylis Adkins","New York",NY,2016-04-18,2,1099.98,"Electra Townie Original 21D - 2016","Comfort Bicycles","Baldwin Bikes","Marcelene Boyer"
183,"Adelle Larsen","East Northport",NY,2016-04-19,2,3361.98,"Surly Straggler 650b - 2016","Cyclocross Bicycles","Baldwin Bikes","Venita Daniel"
183,"Adelle Larsen","East Northport",NY,2016-04-19,2,1099.98,"Electra Townie Original 21D - 2016","Cruisers Bicycles","Baldwin Bikes","Venita Daniel"
183,"Adelle Larsen","East Northport",NY,2016-04-19,1,449.00,"Pure Cycles William 3-Speed - 2016","Cruisers Bicycles","Baldwin Bikes","Venita Daniel"
183,"Adelle Larsen","East Northport",NY,2016-04-19,1,429.00,"Pure Cycles Vine 8-Speed - 2016","Cruisers Bicycles","Baldwin Bikes","Venita Daniel"
184,"Brianna Moss",Hempstead,NY,2016-04-19,1,2899.99,"Trek Fuel EX 8 29 - 2016","Mountain Bikes","Baldwin Bikes","Venita Daniel"
184,"Brianna Moss",Hempstead,NY,2016-04-19,1,1320.99,"Heller Shagamaw Frame - 2016","Mountain Bikes","Baldwin Bikes","Venita Daniel"
184,"Brianna Moss",Hempstead,NY,2016-04-19,1,269.99,"Electra Girl's Hawaii 1 (16-inch) - 2015/2016","Cruisers Bicycles","Baldwin Bikes","Venita Daniel"
186,"Waldo Hart",Queensbury,NY,2016-04-21,1,2899.99,"Trek Fuel EX 8 29 - 2016","Mountain Bikes","Baldwin Bikes","Marcelene Boyer"
186,"Waldo Hart",Queensbury,NY,2016-04-21,1,469.99,"Surly Ice Cream Truck Frameset - 2016","Mountain Bikes","Baldwin Bikes","Marcelene Boyer"
187,"Jeniffer Ratliff","Floral Park",NY,2016-04-22,1,1320.99,"Heller Shagamaw Frame - 2016","Mountain Bikes","Baldwin Bikes","Marcelene Boyer"
188,"Lorrie Pollard",Ronkonkoma,NY,2016-04-22,2,7999.98,"Trek Slash 8 27.5 - 2016","Mountain Bikes","Baldwin Bikes","Marcelene Boyer"
190,"Violet Valenzuela",Plattsburgh,NY,2016-04-23,1,549.99,"Electra Townie Original 21D - 2016","Comfort Bicycles","Baldwin Bikes","Marcelene Boyer"
190,"Violet Valenzuela",Plattsburgh,NY,2016-04-23,1,529.99,"Electra Moto 1 - 2016","Cruisers Bicycles","Baldwin Bikes","Marcelene Boyer"
190,"Violet Valenzuela",Plattsburgh,NY,2016-04-23,2,1999.98,"Surly Wednesday Frameset - 2016","Mountain Bikes","Baldwin Bikes","Marcelene Boyer"
192,"Viva Dawson","Orchard Park",NY,2016-04-27,2,3599.98,"Trek Remedy 29 Carbon Frameset - 2016","Mountain Bikes","Baldwin Bikes","Venita Daniel"
192,"Viva Dawson","Orchard Park",NY,2016-04-27,1,499.99,"Electra Townie Original 7D - 2015/2016","Comfort Bicycles","Baldwin Bikes","Venita Daniel"
192,"Viva Dawson","Orchard Park",NY,2016-04-27,1,749.99,"Ritchey Timberwolf Frameset - 2016","Mountain Bikes","Baldwin Bikes","Venita Daniel"
192,"Viva Dawson","Orchard Park",NY,2016-04-27,2,1099.98,"Electra Townie Original 21D - 2016","Comfort Bicycles","Baldwin Bikes","Venita Daniel"
192,"Viva Dawson","Orchard Park",NY,2016-04-27,2,3098.00,"Surly Straggler - 2016","Cyclocross Bicycles","Baldwin Bikes","Venita Daniel"
194,"Carroll Kelly",Monroe,NY,2016-04-28,2,539.98,"Electra Cruiser 1 (24-Inch) - 2016","Children Bicycles","Baldwin Bikes","Venita Daniel"
195,"Kasha Sullivan",Scarsdale,NY,2016-04-28,1,449.00,"Pure Cycles Western 3-Speed - Women's - 2015/2016","Cruisers Bicycles","Baldwin Bikes","Venita Daniel"
195,"Kasha Sullivan",Scarsdale,NY,2016-04-28,1,269.99,"Electra Girl's Hawaii 1 (16-inch) - 2015/2016","Cruisers Bicycles","Baldwin Bikes","Venita Daniel"
195,"Kasha Sullivan",Scarsdale,NY,2016-04-28,2,2641.98,"Heller Shagamaw Frame - 2016","Mountain Bikes","Baldwin Bikes","Venita Daniel"
195,"Kasha Sullivan",Scarsdale,NY,2016-04-28,2,5799.98,"Trek Fuel EX 8 29 - 2016","Mountain Bikes","Baldwin Bikes","Venita Daniel"
195,"Kasha Sullivan",Scarsdale,NY,2016-04-28,2,539.98,"Electra Cruiser 1 (24-Inch) - 2016","Children Bicycles","Baldwin Bikes","Venita Daniel"
196,"Tammie Cherry",Massapequa,NY,2016-04-28,1,469.99,"Surly Ice Cream Truck Frameset - 2016","Mountain Bikes","Baldwin Bikes","Marcelene Boyer"
196,"Tammie Cherry",Massapequa,NY,2016-04-28,2,1999.98,"Surly Wednesday Frameset - 2016","Mountain Bikes","Baldwin Bikes","Marcelene Boyer"
196,"Tammie Cherry",Massapequa,NY,2016-04-28,2,3098.00,"Surly Straggler - 2016","Cyclocross Bicycles","Baldwin Bikes","Marcelene Boyer"
196,"Tammie Cherry",Massapequa,NY,2016-04-28,1,549.99,"Electra Townie Original 21D - 2016","Cruisers Bicycles","Baldwin Bikes","Marcelene Boyer"
196,"Tammie Cherry",Massapequa,NY,2016-04-28,1,599.99,"Electra Townie Original 7D EQ - Women's - 2016","Cruisers Bicycles","Baldwin Bikes","Marcelene Boyer"
197,"Erlinda Nielsen",Maspeth,NY,2016-04-30,2,5799.98,"Trek Fuel EX 8 29 - 2016","Mountain Bikes","Baldwin Bikes","Venita Daniel"
197,"Erlinda Nielsen",Maspeth,NY,2016-04-30,2,1499.98,"Ritchey Timberwolf Frameset - 2016","Mountain Bikes","Baldwin Bikes","Venita Daniel"
198,"Allison Nolan","New City",NY,2016-05-01,2,939.98,"Surly Ice Cream Truck Frameset - 2016","Mountain Bikes","Baldwin Bikes","Marcelene Boyer"
198,"Allison Nolan","New City",NY,2016-05-01,2,1199.98,"Electra Townie Original 7D EQ - Women's - 2016","Cruisers Bicycles","Baldwin Bikes","Marcelene Boyer"
198,"Allison Nolan","New City",NY,2016-05-01,2,3599.98,"Trek Remedy 29 Carbon Frameset - 2016","Mountain Bikes","Baldwin Bikes","Marcelene Boyer"
198,"Allison Nolan","New City",NY,2016-05-01,2,539.98,"Electra Cruiser 1 (24-Inch) - 2016","Cruisers Bicycles","Baldwin Bikes","Marcelene Boyer"
198,"Allison Nolan","New City",NY,2016-05-01,1,429.00,"Pure Cycles Vine 8-Speed - 2016","Cruisers Bicycles","Baldwin Bikes","Marcelene Boyer"
199,"Marisa Chambers",Amityville,NY,2016-05-01,2,999.98,"Electra Townie Original 7D - 2015/2016","Comfort Bicycles","Baldwin Bikes","Venita Daniel"
199,"Marisa Chambers",Amityville,NY,2016-05-01,2,898.00,"Pure Cycles Western 3-Speed - Women's - 2015/2016","Cruisers Bicycles","Baldwin Bikes","Venita Daniel"
199,"Marisa Chambers",Amityville,NY,2016-05-01,1,2899.99,"Trek Fuel EX 8 29 - 2016","Mountain Bikes","Baldwin Bikes","Venita Daniel"
200,"Lanelle Guerra","Floral Park",NY,2016-05-01,2,599.98,"Electra Girl's Hawaii 1 (20-inch) - 2015/2016","Children Bicycles","Baldwin Bikes","Marcelene Boyer"
200,"Lanelle Guerra","Floral Park",NY,2016-05-01,2,539.98,"Electra Girl's Hawaii 1 (16-inch) - 2015/2016","Children Bicycles","Baldwin Bikes","Marcelene Boyer"
204,"Danilo Holmes",Hicksville,NY,2016-05-04,2,939.98,"Surly Ice Cream Truck Frameset - 2016","Mountain Bikes","Baldwin Bikes","Venita Daniel"
204,"Danilo Holmes",Hicksville,NY,2016-05-04,2,858.00,"Pure Cycles Vine 8-Speed - 2016","Cruisers Bicycles","Baldwin Bikes","Venita Daniel"
205,"Myrtie James",Merrick,NY,2016-05-04,2,539.98,"Electra Girl's Hawaii 1 (16-inch) - 2015/2016","Children Bicycles","Baldwin Bikes","Marcelene Boyer"
205,"Myrtie James",Merrick,NY,2016-05-04,2,1099.98,"Electra Townie Original 21D - 2016","Comfort Bicycles","Baldwin Bikes","Marcelene Boyer"
207,"Marget Hodge",Woodhaven,NY,2016-05-05,2,1099.98,"Electra Townie Original 21D - 2016","Cruisers Bicycles","Baldwin Bikes","Venita Daniel"
207,"Marget Hodge",Woodhaven,NY,2016-05-05,1,1320.99,"Heller Shagamaw Frame - 2016","Mountain Bikes","Baldwin Bikes","Venita Daniel"
207,"Marget Hodge",Woodhaven,NY,2016-05-05,2,3361.98,"Surly Straggler 650b - 2016","Cyclocross Bicycles","Baldwin Bikes","Venita Daniel"
207,"Marget Hodge",Woodhaven,NY,2016-05-05,2,7999.98,"Trek Slash 8 27.5 - 2016","Mountain Bikes","Baldwin Bikes","Venita Daniel"
208,"Leanna Manning",Hicksville,NY,2016-05-06,2,939.98,"Surly Ice Cream Truck Frameset - 2016","Mountain Bikes","Baldwin Bikes","Venita Daniel"
208,"Leanna Manning",Hicksville,NY,2016-05-06,2,5799.98,"Trek Fuel EX 8 29 - 2016","Mountain Bikes","Baldwin Bikes","Venita Daniel"
208,"Leanna Manning",Hicksville,NY,2016-05-06,1,999.99,"Surly Wednesday Frameset - 2016","Mountain Bikes","Baldwin Bikes","Venita Daniel"
208,"Leanna Manning",Hicksville,NY,2016-05-06,1,549.99,"Electra Townie Original 21D - 2016","Cruisers Bicycles","Baldwin Bikes","Venita Daniel"
208,"Leanna Manning",Hicksville,NY,2016-05-06,2,3098.00,"Surly Straggler - 2016","Cyclocross Bicycles","Baldwin Bikes","Venita Daniel"
209,"Clarita Curry",Hollis,NY,2016-05-07,1,269.99,"Electra Cruiser 1 (24-Inch) - 2016","Cruisers Bicycles","Baldwin Bikes","Marcelene Boyer"
210,"Lynn Mcmahon",Scarsdale,NY,2016-05-07,1,269.99,"Electra Girl's Hawaii 1 (16-inch) - 2015/2016","Cruisers Bicycles","Baldwin Bikes","Marcelene Boyer"
210,"Lynn Mcmahon",Scarsdale,NY,2016-05-07,2,539.98,"Electra Cruiser 1 (24-Inch) - 2016","Cruisers Bicycles","Baldwin Bikes","Marcelene Boyer"
211,"Penney Hall",Liverpool,NY,2016-05-07,1,1549.00,"Surly Straggler - 2016","Cyclocross Bicycles","Baldwin Bikes","Marcelene Boyer"
211,"Penney Hall",Liverpool,NY,2016-05-07,2,1499.98,"Ritchey Timberwolf Frameset - 2016","Mountain Bikes","Baldwin Bikes","Marcelene Boyer"
212,"Lanora Robbins","West Babylon",NY,2016-05-08,2,1199.98,"Electra Townie Original 7D EQ - 2016","Cruisers Bicycles","Baldwin Bikes","Marcelene Boyer"
212,"Lanora Robbins","West Babylon",NY,2016-05-08,2,1099.98,"Electra Townie Original 21D - 2016","Cruisers Bicycles","Baldwin Bikes","Marcelene Boyer"
212,"Lanora Robbins","West Babylon",NY,2016-05-08,1,449.00,"Pure Cycles William 3-Speed - 2016","Cruisers Bicycles","Baldwin Bikes","Marcelene Boyer"
212,"Lanora Robbins","West Babylon",NY,2016-05-08,1,3999.99,"Trek Slash 8 27.5 - 2016","Mountain Bikes","Baldwin Bikes","Marcelene Boyer"
214,"Kaci Gallegos","Ballston Spa",NY,2016-05-10,1,269.99,"Electra Cruiser 1 (24-Inch) - 2016","Children Bicycles","Baldwin Bikes","Marcelene Boyer"
215,"Kelsey Noble","Mount Vernon",NY,2016-05-10,1,449.00,"Pure Cycles William 3-Speed - 2016","Cruisers Bicycles","Baldwin Bikes","Venita Daniel"
215,"Kelsey Noble","Mount Vernon",NY,2016-05-10,2,1099.98,"Electra Townie Original 21D - 2016","Cruisers Bicycles","Baldwin Bikes","Venita Daniel"
217,"Sebrina Hart",Coram,NY,2016-05-11,1,449.00,"Pure Cycles Western 3-Speed - Women's - 2015/2016","Cruisers Bicycles","Baldwin Bikes","Venita Daniel"
217,"Sebrina Hart",Coram,NY,2016-05-11,2,3098.00,"Surly Straggler - 2016","Cyclocross Bicycles","Baldwin Bikes","Venita Daniel"
217,"Sebrina Hart",Coram,NY,2016-05-11,1,429.00,"Pure Cycles Vine 8-Speed - 2016","Cruisers Bicycles","Baldwin Bikes","Venita Daniel"
218,"Vernetta Banks",Brooklyn,NY,2016-05-12,2,1499.98,"Ritchey Timberwolf Frameset - 2016","Mountain Bikes","Baldwin Bikes","Venita Daniel"
218,"Vernetta Banks",Brooklyn,NY,2016-05-12,1,269.99,"Electra Cruiser 1 (24-Inch) - 2016","Cruisers Bicycles","Baldwin Bikes","Venita Daniel"
218,"Vernetta Banks",Brooklyn,NY,2016-05-12,1,549.99,"Electra Townie Original 21D - 2016","Cruisers Bicycles","Baldwin Bikes","Venita Daniel"
219,"Inez Snider",Ronkonkoma,NY,2016-05-12,1,599.99,"Electra Townie Original 7D EQ - 2016","Comfort Bicycles","Baldwin Bikes","Marcelene Boyer"
219,"Inez Snider",Ronkonkoma,NY,2016-05-12,1,1320.99,"Heller Shagamaw Frame - 2016","Mountain Bikes","Baldwin Bikes","Marcelene Boyer"
220,"Noble Glover","Orchard Park",NY,2016-05-12,2,939.98,"Surly Ice Cream Truck Frameset - 2016","Mountain Bikes","Baldwin Bikes","Marcelene Boyer"
220,"Noble Glover","Orchard Park",NY,2016-05-12,1,499.99,"Electra Townie Original 7D - 2015/2016","Comfort Bicycles","Baldwin Bikes","Marcelene Boyer"
220,"Noble Glover","Orchard Park",NY,2016-05-12,2,539.98,"Electra Girl's Hawaii 1 (16-inch) - 2015/2016","Children Bicycles","Baldwin Bikes","Marcelene Boyer"
220,"Noble Glover","Orchard Park",NY,2016-05-12,2,1999.98,"Surly Wednesday Frameset - 2016","Mountain Bikes","Baldwin Bikes","Marcelene Boyer"
222,"Gertrud Rhodes",Merrick,NY,2016-05-13,1,1549.00,"Surly Straggler - 2016","Cyclocross Bicycles","Baldwin Bikes","Marcelene Boyer"
222,"Gertrud Rhodes",Merrick,NY,2016-05-13,2,1499.98,"Ritchey Timberwolf Frameset - 2016","Mountain Bikes","Baldwin Bikes","Marcelene Boyer"
223,"Veronique Fulton","Ballston Spa",NY,2016-05-15,2,7999.98,"Trek Slash 8 27.5 - 2016","Mountain Bikes","Baldwin Bikes","Venita Daniel"
223,"Veronique Fulton","Ballston Spa",NY,2016-05-15,1,1320.99,"Heller Shagamaw Frame - 2016","Mountain Bikes","Baldwin Bikes","Venita Daniel"
223,"Veronique Fulton","Ballston Spa",NY,2016-05-15,2,539.98,"Electra Cruiser 1 (24-Inch) - 2016","Children Bicycles","Baldwin Bikes","Venita Daniel"
223,"Veronique Fulton","Ballston Spa",NY,2016-05-15,1,599.99,"Electra Townie Original 7D EQ - Women's - 2016","Cruisers Bicycles","Baldwin Bikes","Venita Daniel"
223,"Veronique Fulton","Ballston Spa",NY,2016-05-15,1,529.99,"Electra Moto 1 - 2016","Cruisers Bicycles","Baldwin Bikes","Venita Daniel"
227,"Kirstie Vazquez","Saratoga Springs",NY,2016-05-17,2,1999.98,"Surly Wednesday Frameset - 2016","Mountain Bikes","Baldwin Bikes","Venita Daniel"
227,"Kirstie Vazquez","Saratoga Springs",NY,2016-05-17,2,1059.98,"Electra Moto 1 - 2016","Cruisers Bicycles","Baldwin Bikes","Venita Daniel"
228,"Jamika Blanchard","Fresh Meadows",NY,2016-05-17,1,499.99,"Electra Townie Original 7D - 2015/2016","Comfort Bicycles","Baldwin Bikes","Venita Daniel"
228,"Jamika Blanchard","Fresh Meadows",NY,2016-05-17,2,1499.98,"Ritchey Timberwolf Frameset - 2016","Mountain Bikes","Baldwin Bikes","Venita Daniel"
228,"Jamika Blanchard","Fresh Meadows",NY,2016-05-17,2,599.98,"Electra Girl's Hawaii 1 (20-inch) - 2015/2016","Children Bicycles","Baldwin Bikes","Venita Daniel"
228,"Jamika Blanchard","Fresh Meadows",NY,2016-05-17,1,2899.99,"Trek Fuel EX 8 29 - 2016","Mountain Bikes","Baldwin Bikes","Venita Daniel"
228,"Jamika Blanchard","Fresh Meadows",NY,2016-05-17,1,269.99,"Electra Girl's Hawaii 1 (16-inch) - 2015/2016","Children Bicycles","Baldwin Bikes","Venita Daniel"
229,"Evelina Manning","Mount Vernon",NY,2016-05-19,2,999.98,"Electra Townie Original 7D - 2015/2016","Comfort Bicycles","Baldwin Bikes","Marcelene Boyer"
229,"Evelina Manning","Mount Vernon",NY,2016-05-19,2,2641.98,"Heller Shagamaw Frame - 2016","Mountain Bikes","Baldwin Bikes","Marcelene Boyer"
229,"Evelina Manning","Mount Vernon",NY,2016-05-19,1,1799.99,"Trek Remedy 29 Carbon Frameset - 2016","Mountain Bikes","Baldwin Bikes","Marcelene Boyer"
230,"Ryan Carter",Nanuet,NY,2016-05-19,2,3361.98,"Surly Straggler 650b - 2016","Cyclocross Bicycles","Baldwin Bikes","Marcelene Boyer"
231,"Rosamaria Meyer",Webster,NY,2016-05-19,2,3599.98,"Trek Remedy 29 Carbon Frameset - 2016","Mountain Bikes","Baldwin Bikes","Marcelene Boyer"
231,"Rosamaria Meyer",Webster,NY,2016-05-19,2,539.98,"Electra Girl's Hawaii 1 (16-inch) - 2015/2016","Cruisers Bicycles","Baldwin Bikes","Marcelene Boyer"
231,"Rosamaria Meyer",Webster,NY,2016-05-19,2,2641.98,"Heller Shagamaw Frame - 2016","Mountain Bikes","Baldwin Bikes","Marcelene Boyer"
233,"Melita Dominguez",Auburn,NY,2016-05-21,1,269.99,"Electra Girl's Hawaii 1 (16-inch) - 2015/2016","Cruisers Bicycles","Baldwin Bikes","Marcelene Boyer"
233,"Melita Dominguez",Auburn,NY,2016-05-21,2,1199.98,"Electra Townie Original 7D EQ - 2016","Cruisers Bicycles","Baldwin Bikes","Marcelene Boyer"
233,"Melita Dominguez",Auburn,NY,2016-05-21,1,549.99,"Electra Townie Original 21D - 2016","Cruisers Bicycles","Baldwin Bikes","Marcelene Boyer"
233,"Melita Dominguez",Auburn,NY,2016-05-21,2,1059.98,"Electra Moto 1 - 2016","Cruisers Bicycles","Baldwin Bikes","Marcelene Boyer"
234,"Merrie Fowler",Scarsdale,NY,2016-05-22,2,3361.98,"Surly Straggler 650b - 2016","Cyclocross Bicycles","Baldwin Bikes","Marcelene Boyer"
234,"Merrie Fowler",Scarsdale,NY,2016-05-22,2,858.00,"Pure Cycles Vine 8-Speed - 2016","Cruisers Bicycles","Baldwin Bikes","Marcelene Boyer"
234,"Merrie Fowler",Scarsdale,NY,2016-05-22,1,549.99,"Electra Townie Original 21D - 2016","Cruisers Bicycles","Baldwin Bikes","Marcelene Boyer"
234,"Merrie Fowler",Scarsdale,NY,2016-05-22,1,3999.99,"Trek Slash 8 27.5 - 2016","Mountain Bikes","Baldwin Bikes","Marcelene Boyer"
234,"Merrie Fowler",Scarsdale,NY,2016-05-22,1,299.99,"Electra Girl's Hawaii 1 (20-inch) - 2015/2016","Children Bicycles","Baldwin Bikes","Marcelene Boyer"
235,"Eli Contreras",Ronkonkoma,NY,2016-05-24,1,469.99,"Surly Ice Cream Truck Frameset - 2016","Mountain Bikes","Baldwin Bikes","Marcelene Boyer"
235,"Eli Contreras",Ronkonkoma,NY,2016-05-24,2,539.98,"Electra Cruiser 1 (24-Inch) - 2016","Cruisers Bicycles","Baldwin Bikes","Marcelene Boyer"
235,"Eli Contreras",Ronkonkoma,NY,2016-05-24,2,7999.98,"Trek Slash 8 27.5 - 2016","Mountain Bikes","Baldwin Bikes","Marcelene Boyer"
236,"Stephaine Riddle",Brooklyn,NY,2016-05-25,2,1999.98,"Surly Wednesday Frameset - 2016","Mountain Bikes","Baldwin Bikes","Marcelene Boyer"
236,"Stephaine Riddle",Brooklyn,NY,2016-05-25,2,1499.98,"Ritchey Timberwolf Frameset - 2016","Mountain Bikes","Baldwin Bikes","Marcelene Boyer"
236,"Stephaine Riddle",Brooklyn,NY,2016-05-25,2,5799.98,"Trek Fuel EX 8 29 - 2016","Mountain Bikes","Baldwin Bikes","Marcelene Boyer"
237,"Carman Hardy",Jamestown,NY,2016-05-25,1,529.99,"Electra Moto 1 - 2016","Cruisers Bicycles","Baldwin Bikes","Venita Daniel"
237,"Carman Hardy",Jamestown,NY,2016-05-25,1,549.99,"Electra Townie Original 21D - 2016","Comfort Bicycles","Baldwin Bikes","Venita Daniel"
237,"Carman Hardy",Jamestown,NY,2016-05-25,2,1199.98,"Electra Townie Original 7D EQ - Women's - 2016","Cruisers Bicycles","Baldwin Bikes","Venita Daniel"
237,"Carman Hardy",Jamestown,NY,2016-05-25,1,599.99,"Electra Townie Original 7D EQ - 2016","Comfort Bicycles","Baldwin Bikes","Venita Daniel"
238,"Annett Rush",Rosedale,NY,2016-05-26,2,1199.98,"Electra Townie Original 7D EQ - Women's - 2016","Cruisers Bicycles","Baldwin Bikes","Marcelene Boyer"
238,"Annett Rush",Rosedale,NY,2016-05-26,1,499.99,"Electra Townie Original 7D - 2015/2016","Comfort Bicycles","Baldwin Bikes","Marcelene Boyer"
238,"Annett Rush",Rosedale,NY,2016-05-26,2,539.98,"Electra Cruiser 1 (24-Inch) - 2016","Cruisers Bicycles","Baldwin Bikes","Marcelene Boyer"
238,"Annett Rush",Rosedale,NY,2016-05-26,2,539.98,"Electra Girl's Hawaii 1 (16-inch) - 2015/2016","Children Bicycles","Baldwin Bikes","Marcelene Boyer"
238,"Annett Rush",Rosedale,NY,2016-05-26,1,3999.99,"Trek Slash 8 27.5 - 2016","Mountain Bikes","Baldwin Bikes","Marcelene Boyer"
240,"Kanesha Vega",Rome,NY,2016-05-27,1,2999.99,"Trek Conduit+ - 2016","Electric Bikes","Baldwin Bikes","Marcelene Boyer"
240,"Kanesha Vega",Rome,NY,2016-05-27,1,1799.99,"Trek Remedy 29 Carbon Frameset - 2016","Mountain Bikes","Baldwin Bikes","Marcelene Boyer"
240,"Kanesha Vega",Rome,NY,2016-05-27,1,1320.99,"Heller Shagamaw Frame - 2016","Mountain Bikes","Baldwin Bikes","Marcelene Boyer"
240,"Kanesha Vega",Rome,NY,2016-05-27,2,898.00,"Pure Cycles Western 3-Speed - Women's - 2015/2016","Cruisers Bicycles","Baldwin Bikes","Marcelene Boyer"
241,"Divina Madden","Long Beach",NY,2016-05-27,1,3999.99,"Trek Slash 8 27.5 - 2016","Mountain Bikes","Baldwin Bikes","Venita Daniel"
242,"Almeta Benjamin",Sunnyside,NY,2016-05-27,1,999.99,"Surly Wednesday Frameset - 2016","Mountain Bikes","Baldwin Bikes","Venita Daniel"
244,"Venus Hewitt",Farmingdale,NY,2016-05-28,1,449.00,"Pure Cycles William 3-Speed - 2016","Cruisers Bicycles","Baldwin Bikes","Marcelene Boyer"
244,"Venus Hewitt",Farmingdale,NY,2016-05-28,1,499.99,"Electra Townie Original 7D - 2015/2016","Comfort Bicycles","Baldwin Bikes","Marcelene Boyer"
244,"Venus Hewitt",Farmingdale,NY,2016-05-28,1,269.99,"Electra Girl's Hawaii 1 (16-inch) - 2015/2016","Children Bicycles","Baldwin Bikes","Marcelene Boyer"
245,"Scarlet Yates",Patchogue,NY,2016-05-29,2,3098.00,"Surly Straggler - 2016","Cyclocross Bicycles","Baldwin Bikes","Venita Daniel"
245,"Scarlet Yates",Patchogue,NY,2016-05-29,1,1799.99,"Trek Remedy 29 Carbon Frameset - 2016","Mountain Bikes","Baldwin Bikes","Venita Daniel"
246,"Caren Stephens",Scarsdale,NY,2016-05-30,2,858.00,"Pure Cycles Vine 8-Speed - 2016","Cruisers Bicycles","Baldwin Bikes","Marcelene Boyer"
248,"Kimberley Reynolds","Port Washington",NY,2016-05-30,1,269.99,"Electra Cruiser 1 (24-Inch) - 2016","Cruisers Bicycles","Baldwin Bikes","Venita Daniel"
248,"Kimberley Reynolds","Port Washington",NY,2016-05-30,2,1199.98,"Electra Townie Original 7D EQ - 2016","Comfort Bicycles","Baldwin Bikes","Venita Daniel"
248,"Kimberley Reynolds","Port Washington",NY,2016-05-30,1,429.00,"Pure Cycles Vine 8-Speed - 2016","Cruisers Bicycles","Baldwin Bikes","Venita Daniel"
248,"Kimberley Reynolds","Port Washington",NY,2016-05-30,1,2999.99,"Trek Conduit+ - 2016","Electric Bikes","Baldwin Bikes","Venita Daniel"
249,"Miquel Neal","Staten Island",NY,2016-06-01,2,7999.98,"Trek Slash 8 27.5 - 2016","Mountain Bikes","Baldwin Bikes","Marcelene Boyer"
249,"Miquel Neal","Staten Island",NY,2016-06-01,2,898.00,"Pure Cycles Western 3-Speed - Women's - 2015/2016","Cruisers Bicycles","Baldwin Bikes","Marcelene Boyer"
249,"Miquel Neal","Staten Island",NY,2016-06-01,1,269.99,"Electra Girl's Hawaii 1 (16-inch) - 2015/2016","Children Bicycles","Baldwin Bikes","Marcelene Boyer"
250,"Weldon Michael",Huntington,NY,2016-06-01,2,858.00,"Pure Cycles Vine 8-Speed - 2016","Cruisers Bicycles","Baldwin Bikes","Venita Daniel"
250,"Weldon Michael",Huntington,NY,2016-06-01,2,3361.98,"Surly Straggler 650b - 2016","Cyclocross Bicycles","Baldwin Bikes","Venita Daniel"
251,"Arlena Buckner","New Hyde Park",NY,2016-06-01,2,599.98,"Electra Girl's Hawaii 1 (20-inch) - 2015/2016","Children Bicycles","Baldwin Bikes","Venita Daniel"
251,"Arlena Buckner","New Hyde Park",NY,2016-06-01,2,539.98,"Electra Girl's Hawaii 1 (16-inch) - 2015/2016","Children Bicycles","Baldwin Bikes","Venita Daniel"
253,"Earline Gordon",Ronkonkoma,NY,2016-06-02,2,3361.98,"Surly Straggler 650b - 2016","Cyclocross Bicycles","Baldwin Bikes","Marcelene Boyer"
254,"Faustino Delacruz","South Richmond Hill",NY,2016-06-03,2,939.98,"Surly Ice Cream Truck Frameset - 2016","Mountain Bikes","Baldwin Bikes","Venita Daniel"
254,"Faustino Delacruz","South Richmond Hill",NY,2016-06-03,1,999.99,"Surly Wednesday Frameset - 2016","Mountain Bikes","Baldwin Bikes","Venita Daniel"
254,"Faustino Delacruz","South Richmond Hill",NY,2016-06-03,1,549.99,"Electra Townie Original 21D - 2016","Cruisers Bicycles","Baldwin Bikes","Venita Daniel"
255,"Ophelia Rodgers","Hopewell Junction",NY,2016-06-03,2,2641.98,"Heller Shagamaw Frame - 2016","Mountain Bikes","Baldwin Bikes","Venita Daniel"
255,"Ophelia Rodgers","Hopewell Junction",NY,2016-06-03,1,269.99,"Electra Girl's Hawaii 1 (16-inch) - 2015/2016","Cruisers Bicycles","Baldwin Bikes","Venita Daniel"
255,"Ophelia Rodgers","Hopewell Junction",NY,2016-06-03,2,1499.98,"Ritchey Timberwolf Frameset - 2016","Mountain Bikes","Baldwin Bikes","Venita Daniel"
255,"Ophelia Rodgers","Hopewell Junction",NY,2016-06-03,1,269.99,"Electra Cruiser 1 (24-Inch) - 2016","Children Bicycles","Baldwin Bikes","Venita Daniel"
256,"Theo Reese","Long Beach",NY,2016-06-04,1,1680.99,"Surly Straggler 650b - 2016","Cyclocross Bicycles","Baldwin Bikes","Venita Daniel"
256,"Theo Reese","Long Beach",NY,2016-06-04,1,269.99,"Electra Cruiser 1 (24-Inch) - 2016","Children Bicycles","Baldwin Bikes","Venita Daniel"
258,"Cecil Hopper","Central Islip",NY,2016-06-06,2,3599.98,"Trek Remedy 29 Carbon Frameset - 2016","Mountain Bikes","Baldwin Bikes","Venita Daniel"
258,"Cecil Hopper","Central Islip",NY,2016-06-06,1,2899.99,"Trek Fuel EX 8 29 - 2016","Mountain Bikes","Baldwin Bikes","Venita Daniel"
258,"Cecil Hopper","Central Islip",NY,2016-06-06,1,449.00,"Pure Cycles William 3-Speed - 2016","Cruisers Bicycles","Baldwin Bikes","Venita Daniel"
258,"Cecil Hopper","Central Islip",NY,2016-06-06,1,449.00,"Pure Cycles Western 3-Speed - Women's - 2015/2016","Cruisers Bicycles","Baldwin Bikes","Venita Daniel"
259,"Ginette Edwards",Baldwin,NY,2016-06-06,1,599.99,"Electra Townie Original 7D EQ - 2016","Comfort Bicycles","Baldwin Bikes","Venita Daniel"
259,"Ginette Edwards",Baldwin,NY,2016-06-06,2,939.98,"Surly Ice Cream Truck Frameset - 2016","Mountain Bikes","Baldwin Bikes","Venita Daniel"
259,"Ginette Edwards",Baldwin,NY,2016-06-06,2,1499.98,"Ritchey Timberwolf Frameset - 2016","Mountain Bikes","Baldwin Bikes","Venita Daniel"
259,"Ginette Edwards",Baldwin,NY,2016-06-06,1,2899.99,"Trek Fuel EX 8 29 - 2016","Mountain Bikes","Baldwin Bikes","Venita Daniel"
260,"Yvette Rogers","Franklin Square",NY,2016-06-06,2,599.98,"Electra Girl's Hawaii 1 (20-inch) - 2015/2016","Children Bicycles","Baldwin Bikes","Marcelene Boyer"
260,"Yvette Rogers","Franklin Square",NY,2016-06-06,1,1549.00,"Surly Straggler - 2016","Cyclocross Bicycles","Baldwin Bikes","Marcelene Boyer"
260,"Yvette Rogers","Franklin Square",NY,2016-06-06,2,1099.98,"Electra Townie Original 21D - 2016","Comfort Bicycles","Baldwin Bikes","Marcelene Boyer"
263,"Ai Forbes","Franklin Square",NY,2016-06-09,1,2999.99,"Trek Conduit+ - 2016","Electric Bikes","Baldwin Bikes","Marcelene Boyer"
263,"Ai Forbes","Franklin Square",NY,2016-06-09,1,999.99,"Surly Wednesday Frameset - 2016","Mountain Bikes","Baldwin Bikes","Marcelene Boyer"
263,"Ai Forbes","Franklin Square",NY,2016-06-09,2,1499.98,"Ritchey Timberwolf Frameset - 2016","Mountain Bikes","Baldwin Bikes","Marcelene Boyer"
265,"Arnita Thomas","Orchard Park",NY,2016-06-10,2,5999.98,"Trek Conduit+ - 2016","Electric Bikes","Baldwin Bikes","Venita Daniel"
266,"Lurline Rivers","Howard Beach",NY,2016-06-10,2,939.98,"Surly Ice Cream Truck Frameset - 2016","Mountain Bikes","Baldwin Bikes","Venita Daniel"
266,"Lurline Rivers","Howard Beach",NY,2016-06-10,1,449.00,"Pure Cycles William 3-Speed - 2016","Cruisers Bicycles","Baldwin Bikes","Venita Daniel"
266,"Lurline Rivers","Howard Beach",NY,2016-06-10,1,499.99,"Electra Townie Original 7D - 2015/2016","Comfort Bicycles","Baldwin Bikes","Venita Daniel"
269,"Terrell Mathis",Selden,NY,2016-06-12,1,1320.99,"Heller Shagamaw Frame - 2016","Mountain Bikes","Baldwin Bikes","Marcelene Boyer"
269,"Terrell Mathis",Selden,NY,2016-06-12,2,599.98,"Electra Girl's Hawaii 1 (20-inch) - 2015/2016","Children Bicycles","Baldwin Bikes","Marcelene Boyer"
269,"Terrell Mathis",Selden,NY,2016-06-12,1,449.00,"Pure Cycles Western 3-Speed - Women's - 2015/2016","Cruisers Bicycles","Baldwin Bikes","Marcelene Boyer"
269,"Terrell Mathis",Selden,NY,2016-06-12,1,999.99,"Surly Wednesday Frameset - 2016","Mountain Bikes","Baldwin Bikes","Marcelene Boyer"
270,"Ethelyn Ray","Garden City",NY,2016-06-12,2,999.98,"Electra Townie Original 7D - 2015/2016","Comfort Bicycles","Baldwin Bikes","Venita Daniel"
270,"Ethelyn Ray","Garden City",NY,2016-06-12,1,529.99,"Electra Moto 1 - 2016","Cruisers Bicycles","Baldwin Bikes","Venita Daniel"
271,"Christoper Mccall","Bay Shore",NY,2016-06-13,2,3361.98,"Surly Straggler 650b - 2016","Cyclocross Bicycles","Baldwin Bikes","Venita Daniel"
271,"Christoper Mccall","Bay Shore",NY,2016-06-13,2,939.98,"Surly Ice Cream Truck Frameset - 2016","Mountain Bikes","Baldwin Bikes","Venita Daniel"
271,"Christoper Mccall","Bay Shore",NY,2016-06-13,1,269.99,"Electra Cruiser 1 (24-Inch) - 2016","Cruisers Bicycles","Baldwin Bikes","Venita Daniel"
271,"Christoper Mccall","Bay Shore",NY,2016-06-13,2,7999.98,"Trek Slash 8 27.5 - 2016","Mountain Bikes","Baldwin Bikes","Venita Daniel"
272,"Ezra Fowler",Nanuet,NY,2016-06-15,2,1499.98,"Ritchey Timberwolf Frameset - 2016","Mountain Bikes","Baldwin Bikes","Venita Daniel"
272,"Ezra Fowler",Nanuet,NY,2016-06-15,1,1680.99,"Surly Straggler 650b - 2016","Cyclocross Bicycles","Baldwin Bikes","Venita Daniel"
273,"Tona Velasquez",Whitestone,NY,2016-06-16,1,269.99,"Electra Cruiser 1 (24-Inch) - 2016","Children Bicycles","Baldwin Bikes","Venita Daniel"
274,"Octavia Case","New York",NY,2016-06-17,2,3361.98,"Surly Straggler 650b - 2016","Cyclocross Bicycles","Baldwin Bikes","Venita Daniel"
274,"Octavia Case","New York",NY,2016-06-17,2,999.98,"Electra Townie Original 7D - 2015/2016","Comfort Bicycles","Baldwin Bikes","Venita Daniel"
274,"Octavia Case","New York",NY,2016-06-17,2,5999.98,"Trek Conduit+ - 2016","Electric Bikes","Baldwin Bikes","Venita Daniel"
275,"Rozanne Reyes","Garden City",NY,2016-06-17,1,449.00,"Pure Cycles Western 3-Speed - Women's - 2015/2016","Cruisers Bicycles","Baldwin Bikes","Venita Daniel"
275,"Rozanne Reyes","Garden City",NY,2016-06-17,1,499.99,"Electra Townie Original 7D - 2015/2016","Comfort Bicycles","Baldwin Bikes","Venita Daniel"
275,"Rozanne Reyes","Garden City",NY,2016-06-17,2,7999.98,"Trek Slash 8 27.5 - 2016","Mountain Bikes","Baldwin Bikes","Venita Daniel"
276,"Magali Dixon",Troy,NY,2016-06-18,2,1999.98,"Surly Wednesday Frameset - 2016","Mountain Bikes","Baldwin Bikes","Marcelene Boyer"
276,"Magali Dixon",Troy,NY,2016-06-18,1,429.00,"Pure Cycles Vine 8-Speed - 2016","Cruisers Bicycles","Baldwin Bikes","Marcelene Boyer"
276,"Magali Dixon",Troy,NY,2016-06-18,2,5999.98,"Trek Conduit+ - 2016","Electric Bikes","Baldwin Bikes","Marcelene Boyer"
277,"Thad Castro",Brentwood,NY,2016-06-19,2,1199.98,"Electra Townie Original 7D EQ - Women's - 2016","Cruisers Bicycles","Baldwin Bikes","Venita Daniel"
277,"Thad Castro",Brentwood,NY,2016-06-19,2,939.98,"Surly Ice Cream Truck Frameset - 2016","Mountain Bikes","Baldwin Bikes","Venita Daniel"
277,"Thad Castro",Brentwood,NY,2016-06-19,2,539.98,"Electra Cruiser 1 (24-Inch) - 2016","Cruisers Bicycles","Baldwin Bikes","Venita Daniel"
279,"Rosalba O'neal","Mount Vernon",NY,2016-06-21,1,499.99,"Electra Townie Original 7D - 2015/2016","Comfort Bicycles","Baldwin Bikes","Marcelene Boyer"
280,"Tomeka Higgins",Poughkeepsie,NY,2016-06-21,1,499.99,"Electra Townie Original 7D - 2015/2016","Comfort Bicycles","Baldwin Bikes","Venita Daniel"
280,"Tomeka Higgins",Poughkeepsie,NY,2016-06-21,2,1199.98,"Electra Townie Original 7D EQ - 2016","Comfort Bicycles","Baldwin Bikes","Venita Daniel"
280,"Tomeka Higgins",Poughkeepsie,NY,2016-06-21,1,269.99,"Electra Cruiser 1 (24-Inch) - 2016","Cruisers Bicycles","Baldwin Bikes","Venita Daniel"
281,"Cris Dunn",Pittsford,NY,2016-06-21,1,269.99,"Electra Girl's Hawaii 1 (16-inch) - 2015/2016","Children Bicycles","Baldwin Bikes","Venita Daniel"
281,"Cris Dunn",Pittsford,NY,2016-06-21,2,539.98,"Electra Girl's Hawaii 1 (16-inch) - 2015/2016","Cruisers Bicycles","Baldwin Bikes","Venita Daniel"
281,"Cris Dunn",Pittsford,NY,2016-06-21,2,7999.98,"Trek Slash 8 27.5 - 2016","Mountain Bikes","Baldwin Bikes","Venita Daniel"
284,"Inger Jennings",Patchogue,NY,2016-06-23,2,1099.98,"Electra Townie Original 21D - 2016","Comfort Bicycles","Baldwin Bikes","Venita Daniel"
284,"Inger Jennings",Patchogue,NY,2016-06-23,1,599.99,"Electra Townie Original 7D EQ - Women's - 2016","Cruisers Bicycles","Baldwin Bikes","Venita Daniel"
286,"Latasha Stanley","Rockville Centre",NY,2016-06-25,2,1199.98,"Electra Townie Original 7D EQ - 2016","Comfort Bicycles","Baldwin Bikes","Marcelene Boyer"
286,"Latasha Stanley","Rockville Centre",NY,2016-06-25,2,539.98,"Electra Cruiser 1 (24-Inch) - 2016","Children Bicycles","Baldwin Bikes","Marcelene Boyer"
286,"Latasha Stanley","Rockville Centre",NY,2016-06-25,2,1199.98,"Electra Townie Original 7D EQ - 2016","Cruisers Bicycles","Baldwin Bikes","Marcelene Boyer"
286,"Latasha Stanley","Rockville Centre",NY,2016-06-25,1,3999.99,"Trek Slash 8 27.5 - 2016","Mountain Bikes","Baldwin Bikes","Marcelene Boyer"
287,"Delbert Wilkins",Coram,NY,2016-06-25,1,1320.99,"Heller Shagamaw Frame - 2016","Mountain Bikes","Baldwin Bikes","Marcelene Boyer"
287,"Delbert Wilkins",Coram,NY,2016-06-25,1,1549.00,"Surly Straggler - 2016","Cyclocross Bicycles","Baldwin Bikes","Marcelene Boyer"
287,"Delbert Wilkins",Coram,NY,2016-06-25,1,749.99,"Ritchey Timberwolf Frameset - 2016","Mountain Bikes","Baldwin Bikes","Marcelene Boyer"
287,"Delbert Wilkins",Coram,NY,2016-06-25,1,599.99,"Electra Townie Original 7D EQ - Women's - 2016","Cruisers Bicycles","Baldwin Bikes","Marcelene Boyer"
288,"Ouida Gregory",Merrick,NY,2016-06-25,1,2899.99,"Trek Fuel EX 8 29 - 2016","Mountain Bikes","Baldwin Bikes","Marcelene Boyer"
288,"Ouida Gregory",Merrick,NY,2016-06-25,1,1549.00,"Surly Straggler - 2016","Cyclocross Bicycles","Baldwin Bikes","Marcelene Boyer"
288,"Ouida Gregory",Merrick,NY,2016-06-25,2,7999.98,"Trek Slash 8 27.5 - 2016","Mountain Bikes","Baldwin Bikes","Marcelene Boyer"
289,"Phyllis Hill",Syosset,NY,2016-06-27,1,269.99,"Electra Cruiser 1 (24-Inch) - 2016","Cruisers Bicycles","Baldwin Bikes","Marcelene Boyer"
289,"Phyllis Hill",Syosset,NY,2016-06-27,1,549.99,"Electra Townie Original 21D - 2016","Comfort Bicycles","Baldwin Bikes","Marcelene Boyer"
289,"Phyllis Hill",Syosset,NY,2016-06-27,1,429.00,"Pure Cycles Vine 8-Speed - 2016","Cruisers Bicycles","Baldwin Bikes","Marcelene Boyer"
290,"Marni Bolton",Lancaster,NY,2016-06-28,2,1499.98,"Ritchey Timberwolf Frameset - 2016","Mountain Bikes","Baldwin Bikes","Marcelene Boyer"
290,"Marni Bolton",Lancaster,NY,2016-06-28,2,2641.98,"Heller Shagamaw Frame - 2016","Mountain Bikes","Baldwin Bikes","Marcelene Boyer"
290,"Marni Bolton",Lancaster,NY,2016-06-28,1,269.99,"Electra Cruiser 1 (24-Inch) - 2016","Children Bicycles","Baldwin Bikes","Marcelene Boyer"
291,"Alane Kennedy","Spring Valley",NY,2016-06-29,2,939.98,"Surly Ice Cream Truck Frameset - 2016","Mountain Bikes","Baldwin Bikes","Marcelene Boyer"
291,"Alane Kennedy","Spring Valley",NY,2016-06-29,2,539.98,"Electra Cruiser 1 (24-Inch) - 2016","Children Bicycles","Baldwin Bikes","Marcelene Boyer"
293,"Rubye Mccall",Troy,NY,2016-06-30,2,898.00,"Pure Cycles William 3-Speed - 2016","Cruisers Bicycles","Baldwin Bikes","Venita Daniel"
293,"Rubye Mccall",Troy,NY,2016-06-30,1,469.99,"Surly Ice Cream Truck Frameset - 2016","Mountain Bikes","Baldwin Bikes","Venita Daniel"
294,"Lavona Austin",Utica,NY,2016-07-01,1,449.00,"Pure Cycles Western 3-Speed - Women's - 2015/2016","Cruisers Bicycles","Baldwin Bikes","Venita Daniel"
294,"Lavona Austin",Utica,NY,2016-07-01,1,269.99,"Electra Girl's Hawaii 1 (16-inch) - 2015/2016","Cruisers Bicycles","Baldwin Bikes","Venita Daniel"
294,"Lavona Austin",Utica,NY,2016-07-01,2,7999.98,"Trek Slash 8 27.5 - 2016","Mountain Bikes","Baldwin Bikes","Venita Daniel"
294,"Lavona Austin",Utica,NY,2016-07-01,2,999.98,"Electra Townie Original 7D - 2015/2016","Comfort Bicycles","Baldwin Bikes","Venita Daniel"
295,"Benny Bender",Elmont,NY,2016-07-01,2,539.98,"Electra Girl's Hawaii 1 (16-inch) - 2015/2016","Children Bicycles","Baldwin Bikes","Venita Daniel"
296,"Gabriela Warren","Long Beach",NY,2016-07-04,2,999.98,"Electra Townie Original 7D - 2015/2016","Comfort Bicycles","Baldwin Bikes","Marcelene Boyer"
296,"Gabriela Warren","Long Beach",NY,2016-07-04,2,1099.98,"Electra Townie Original 21D - 2016","Cruisers Bicycles","Baldwin Bikes","Marcelene Boyer"
296,"Gabriela Warren","Long Beach",NY,2016-07-04,2,3361.98,"Surly Straggler 650b - 2016","Cyclocross Bicycles","Baldwin Bikes","Marcelene Boyer"
296,"Gabriela Warren","Long Beach",NY,2016-07-04,1,2999.99,"Trek Conduit+ - 2016","Electric Bikes","Baldwin Bikes","Marcelene Boyer"
297,"Justina Jenkins",Shirley,NY,2016-07-04,2,5799.98,"Trek Fuel EX 8 29 - 2016","Mountain Bikes","Baldwin Bikes","Venita Daniel"
299,"Rayna Perry","Ozone Park",NY,2016-07-05,2,3361.98,"Surly Straggler 650b - 2016","Cyclocross Bicycles","Baldwin Bikes","Marcelene Boyer"
299,"Rayna Perry","Ozone Park",NY,2016-07-05,2,3098.00,"Surly Straggler - 2016","Cyclocross Bicycles","Baldwin Bikes","Marcelene Boyer"
300,"Emmaline Huber","Mount Vernon",NY,2016-07-05,2,1199.98,"Electra Townie Original 7D EQ - 2016","Cruisers Bicycles","Baldwin Bikes","Marcelene Boyer"
300,"Emmaline Huber","Mount Vernon",NY,2016-07-05,2,5999.98,"Trek Conduit+ - 2016","Electric Bikes","Baldwin Bikes","Marcelene Boyer"
300,"Emmaline Huber","Mount Vernon",NY,2016-07-05,1,1549.00,"Surly Straggler - 2016","Cyclocross Bicycles","Baldwin Bikes","Marcelene Boyer"
300,"Emmaline Huber","Mount Vernon",NY,2016-07-05,2,3361.98,"Surly Straggler 650b - 2016","Cyclocross Bicycles","Baldwin Bikes","Marcelene Boyer"
301,"Caren Stephens",Scarsdale,NY,2016-07-06,1,469.99,"Surly Ice Cream Truck Frameset - 2016","Mountain Bikes","Baldwin Bikes","Marcelene Boyer"
301,"Caren Stephens",Scarsdale,NY,2016-07-06,1,269.99,"Electra Girl's Hawaii 1 (16-inch) - 2015/2016","Children Bicycles","Baldwin Bikes","Marcelene Boyer"
302,"Carlena Salinas",Jamaica,NY,2016-07-06,2,1099.98,"Electra Townie Original 21D - 2016","Comfort Bicycles","Baldwin Bikes","Marcelene Boyer"
302,"Carlena Salinas",Jamaica,NY,2016-07-06,2,898.00,"Pure Cycles Western 3-Speed - Women's - 2015/2016","Cruisers Bicycles","Baldwin Bikes","Marcelene Boyer"
302,"Carlena Salinas",Jamaica,NY,2016-07-06,2,1499.98,"Ritchey Timberwolf Frameset - 2016","Mountain Bikes","Baldwin Bikes","Marcelene Boyer"
303,"Bernita Mcdaniel",Liverpool,NY,2016-07-07,2,3599.98,"Trek Remedy 29 Carbon Frameset - 2016","Mountain Bikes","Baldwin Bikes","Venita Daniel"
303,"Bernita Mcdaniel",Liverpool,NY,2016-07-07,2,1099.98,"Electra Townie Original 21D - 2016","Comfort Bicycles","Baldwin Bikes","Venita Daniel"
304,"Chelsey Hardin","Deer Park",NY,2016-07-07,1,1549.00,"Surly Straggler - 2016","Cyclocross Bicycles","Baldwin Bikes","Marcelene Boyer"
304,"Chelsey Hardin","Deer Park",NY,2016-07-07,2,7999.98,"Trek Slash 8 27.5 - 2016","Mountain Bikes","Baldwin Bikes","Marcelene Boyer"
304,"Chelsey Hardin","Deer Park",NY,2016-07-07,1,599.99,"Electra Townie Original 7D EQ - Women's - 2016","Cruisers Bicycles","Baldwin Bikes","Marcelene Boyer"
305,"Camille Harvey",Huntington,NY,2016-07-07,1,1549.00,"Surly Straggler - 2016","Cyclocross Bicycles","Baldwin Bikes","Venita Daniel"
305,"Camille Harvey",Huntington,NY,2016-07-07,1,469.99,"Surly Ice Cream Truck Frameset - 2016","Mountain Bikes","Baldwin Bikes","Venita Daniel"
305,"Camille Harvey",Huntington,NY,2016-07-07,2,1999.98,"Surly Wednesday Frameset - 2016","Mountain Bikes","Baldwin Bikes","Venita Daniel"
306,"Charleen Hurst",Utica,NY,2016-07-09,1,1549.00,"Surly Straggler - 2016","Cyclocross Bicycles","Baldwin Bikes","Venita Daniel"
306,"Charleen Hurst",Utica,NY,2016-07-09,1,269.99,"Electra Girl's Hawaii 1 (16-inch) - 2015/2016","Children Bicycles","Baldwin Bikes","Venita Daniel"
307,"Christoper Gould",Shirley,NY,2016-07-09,2,1059.98,"Electra Moto 1 - 2016","Cruisers Bicycles","Baldwin Bikes","Marcelene Boyer"
308,"Charlyn Cantrell","West Islip",NY,2016-07-11,1,3999.99,"Trek Slash 8 27.5 - 2016","Mountain Bikes","Baldwin Bikes","Marcelene Boyer"
308,"Charlyn Cantrell","West Islip",NY,2016-07-11,2,898.00,"Pure Cycles Western 3-Speed - Women's - 2015/2016","Cruisers Bicycles","Baldwin Bikes","Marcelene Boyer"
308,"Charlyn Cantrell","West Islip",NY,2016-07-11,1,269.99,"Electra Girl's Hawaii 1 (16-inch) - 2015/2016","Cruisers Bicycles","Baldwin Bikes","Marcelene Boyer"
309,"Gilma Dejesus",Scarsdale,NY,2016-07-11,1,999.99,"Surly Wednesday Frameset - 2016","Mountain Bikes","Baldwin Bikes","Marcelene Boyer"
309,"Gilma Dejesus",Scarsdale,NY,2016-07-11,1,549.99,"Electra Townie Original 21D - 2016","Cruisers Bicycles","Baldwin Bikes","Marcelene Boyer"
311,"Shayla Hart",Woodhaven,NY,2016-07-12,2,858.00,"Pure Cycles Vine 8-Speed - 2016","Cruisers Bicycles","Baldwin Bikes","Marcelene Boyer"
311,"Shayla Hart",Woodhaven,NY,2016-07-12,2,2641.98,"Heller Shagamaw Frame - 2016","Mountain Bikes","Baldwin Bikes","Marcelene Boyer"
312,"Jame Riggs","Bay Shore",NY,2016-07-13,2,1099.98,"Electra Townie Original 21D - 2016","Comfort Bicycles","Baldwin Bikes","Marcelene Boyer"
312,"Jame Riggs","Bay Shore",NY,2016-07-13,2,539.98,"Electra Girl's Hawaii 1 (16-inch) - 2015/2016","Cruisers Bicycles","Baldwin Bikes","Marcelene Boyer"
312,"Jame Riggs","Bay Shore",NY,2016-07-13,2,1199.98,"Electra Townie Original 7D EQ - 2016","Cruisers Bicycles","Baldwin Bikes","Marcelene Boyer"
314,"Janie Herrera",Elmhurst,NY,2016-07-15,1,1320.99,"Heller Shagamaw Frame - 2016","Mountain Bikes","Baldwin Bikes","Venita Daniel"
314,"Janie Herrera",Elmhurst,NY,2016-07-15,1,2999.99,"Trek Conduit+ - 2016","Electric Bikes","Baldwin Bikes","Venita Daniel"
314,"Janie Herrera",Elmhurst,NY,2016-07-15,2,539.98,"Electra Girl's Hawaii 1 (16-inch) - 2015/2016","Children Bicycles","Baldwin Bikes","Venita Daniel"
314,"Janie Herrera",Elmhurst,NY,2016-07-15,2,7999.98,"Trek Slash 8 27.5 - 2016","Mountain Bikes","Baldwin Bikes","Venita Daniel"
315,"Rufina Chandler","New Hyde Park",NY,2016-07-16,1,1680.99,"Surly Straggler 650b - 2016","Cyclocross Bicycles","Baldwin Bikes","Marcelene Boyer"
315,"Rufina Chandler","New Hyde Park",NY,2016-07-16,1,2999.99,"Trek Conduit+ - 2016","Electric Bikes","Baldwin Bikes","Marcelene Boyer"
316,"Shawnda Glover",Liverpool,NY,2016-07-17,2,1499.98,"Ritchey Timberwolf Frameset - 2016","Mountain Bikes","Baldwin Bikes","Venita Daniel"
316,"Shawnda Glover",Liverpool,NY,2016-07-17,2,1199.98,"Electra Townie Original 7D EQ - 2016","Cruisers Bicycles","Baldwin Bikes","Venita Daniel"
316,"Shawnda Glover",Liverpool,NY,2016-07-17,1,599.99,"Electra Townie Original 7D EQ - Women's - 2016","Cruisers Bicycles","Baldwin Bikes","Venita Daniel"
316,"Shawnda Glover",Liverpool,NY,2016-07-17,1,449.00,"Pure Cycles William 3-Speed - 2016","Cruisers Bicycles","Baldwin Bikes","Venita Daniel"
316,"Shawnda Glover",Liverpool,NY,2016-07-17,1,429.00,"Pure Cycles Vine 8-Speed - 2016","Cruisers Bicycles","Baldwin Bikes","Venita Daniel"
317,"Mariam Miranda","Franklin Square",NY,2016-07-17,1,1549.00,"Surly Straggler - 2016","Cyclocross Bicycles","Baldwin Bikes","Venita Daniel"
317,"Mariam Miranda","Franklin Square",NY,2016-07-17,1,269.99,"Electra Girl's Hawaii 1 (16-inch) - 2015/2016","Children Bicycles","Baldwin Bikes","Venita Daniel"
317,"Mariam Miranda","Franklin Square",NY,2016-07-17,1,529.99,"Electra Moto 1 - 2016","Cruisers Bicycles","Baldwin Bikes","Venita Daniel"
317,"Mariam Miranda","Franklin Square",NY,2016-07-17,2,539.98,"Electra Cruiser 1 (24-Inch) - 2016","Cruisers Bicycles","Baldwin Bikes","Venita Daniel"
318,"Mallie Osborn",Newburgh,NY,2016-07-17,2,539.98,"Electra Cruiser 1 (24-Inch) - 2016","Cruisers Bicycles","Baldwin Bikes","Venita Daniel"
318,"Mallie Osborn",Newburgh,NY,2016-07-17,2,999.98,"Electra Townie Original 7D - 2015/2016","Comfort Bicycles","Baldwin Bikes","Venita Daniel"
318,"Mallie Osborn",Newburgh,NY,2016-07-17,1,2999.99,"Trek Conduit+ - 2016","Electric Bikes","Baldwin Bikes","Venita Daniel"
319,"Danyell Dickerson","Central Islip",NY,2016-07-18,1,1680.99,"Surly Straggler 650b - 2016","Cyclocross Bicycles","Baldwin Bikes","Marcelene Boyer"
319,"Danyell Dickerson","Central Islip",NY,2016-07-18,1,269.99,"Electra Cruiser 1 (24-Inch) - 2016","Children Bicycles","Baldwin Bikes","Marcelene Boyer"
319,"Danyell Dickerson","Central Islip",NY,2016-07-18,2,1059.98,"Electra Moto 1 - 2016","Cruisers Bicycles","Baldwin Bikes","Marcelene Boyer"
319,"Danyell Dickerson","Central Islip",NY,2016-07-18,1,299.99,"Electra Girl's Hawaii 1 (20-inch) - 2015/2016","Children Bicycles","Baldwin Bikes","Marcelene Boyer"
321,"Arcelia Vinson","West Islip",NY,2016-07-19,2,5799.98,"Trek Fuel EX 8 29 - 2016","Mountain Bikes","Baldwin Bikes","Marcelene Boyer"
321,"Arcelia Vinson","West Islip",NY,2016-07-19,2,1099.98,"Electra Townie Original 21D - 2016","Cruisers Bicycles","Baldwin Bikes","Marcelene Boyer"
321,"Arcelia Vinson","West Islip",NY,2016-07-19,1,599.99,"Electra Townie Original 7D EQ - 2016","Comfort Bicycles","Baldwin Bikes","Marcelene Boyer"
321,"Arcelia Vinson","West Islip",NY,2016-07-19,2,599.98,"Electra Girl's Hawaii 1 (20-inch) - 2015/2016","Children Bicycles","Baldwin Bikes","Marcelene Boyer"
322,"Lea Irwin","New Windsor",NY,2016-07-19,2,539.98,"Electra Cruiser 1 (24-Inch) - 2016","Cruisers Bicycles","Baldwin Bikes","Marcelene Boyer"
322,"Lea Irwin","New Windsor",NY,2016-07-19,1,269.99,"Electra Cruiser 1 (24-Inch) - 2016","Children Bicycles","Baldwin Bikes","Marcelene Boyer"
323,"Heide Reed","Floral Park",NY,2016-07-19,2,539.98,"Electra Cruiser 1 (24-Inch) - 2016","Cruisers Bicycles","Baldwin Bikes","Marcelene Boyer"
323,"Heide Reed","Floral Park",NY,2016-07-19,2,1199.98,"Electra Townie Original 7D EQ - 2016","Comfort Bicycles","Baldwin Bikes","Marcelene Boyer"
324,"Garland Weaver",Amsterdam,NY,2016-07-20,2,1499.98,"Ritchey Timberwolf Frameset - 2016","Mountain Bikes","Baldwin Bikes","Marcelene Boyer"
324,"Garland Weaver",Amsterdam,NY,2016-07-20,1,429.00,"Pure Cycles Vine 8-Speed - 2016","Cruisers Bicycles","Baldwin Bikes","Marcelene Boyer"
324,"Garland Weaver",Amsterdam,NY,2016-07-20,2,539.98,"Electra Girl's Hawaii 1 (16-inch) - 2015/2016","Children Bicycles","Baldwin Bikes","Marcelene Boyer"
324,"Garland Weaver",Amsterdam,NY,2016-07-20,1,449.00,"Pure Cycles William 3-Speed - 2016","Cruisers Bicycles","Baldwin Bikes","Marcelene Boyer"
324,"Garland Weaver",Amsterdam,NY,2016-07-20,1,549.99,"Electra Townie Original 21D - 2016","Cruisers Bicycles","Baldwin Bikes","Marcelene Boyer"
325,"Ernestina Skinner",Elmhurst,NY,2016-07-20,1,3999.99,"Trek Slash 8 27.5 - 2016","Mountain Bikes","Baldwin Bikes","Marcelene Boyer"
325,"Ernestina Skinner",Elmhurst,NY,2016-07-20,1,549.99,"Electra Townie Original 21D - 2016","Cruisers Bicycles","Baldwin Bikes","Marcelene Boyer"
325,"Ernestina Skinner",Elmhurst,NY,2016-07-20,2,939.98,"Surly Ice Cream Truck Frameset - 2016","Mountain Bikes","Baldwin Bikes","Marcelene Boyer"
327,"Tiesha Daniel",Scarsdale,NY,2016-07-21,2,1099.98,"Electra Townie Original 21D - 2016","Cruisers Bicycles","Baldwin Bikes","Marcelene Boyer"
327,"Tiesha Daniel",Scarsdale,NY,2016-07-21,1,269.99,"Electra Cruiser 1 (24-Inch) - 2016","Cruisers Bicycles","Baldwin Bikes","Marcelene Boyer"
327,"Tiesha Daniel",Scarsdale,NY,2016-07-21,1,2899.99,"Trek Fuel EX 8 29 - 2016","Mountain Bikes","Baldwin Bikes","Marcelene Boyer"
328,"Angele Schroeder","New City",NY,2016-07-23,2,939.98,"Surly Ice Cream Truck Frameset - 2016","Mountain Bikes","Baldwin Bikes","Marcelene Boyer"
329,"Josh Shaw","Hopewell Junction",NY,2016-07-24,2,539.98,"Electra Girl's Hawaii 1 (16-inch) - 2015/2016","Cruisers Bicycles","Baldwin Bikes","Marcelene Boyer"
329,"Josh Shaw","Hopewell Junction",NY,2016-07-24,2,3599.98,"Trek Remedy 29 Carbon Frameset - 2016","Mountain Bikes","Baldwin Bikes","Marcelene Boyer"
329,"Josh Shaw","Hopewell Junction",NY,2016-07-24,1,299.99,"Electra Girl's Hawaii 1 (20-inch) - 2015/2016","Children Bicycles","Baldwin Bikes","Marcelene Boyer"
329,"Josh Shaw","Hopewell Junction",NY,2016-07-24,1,429.00,"Pure Cycles Vine 8-Speed - 2016","Cruisers Bicycles","Baldwin Bikes","Marcelene Boyer"
329,"Josh Shaw","Hopewell Junction",NY,2016-07-24,2,1199.98,"Electra Townie Original 7D EQ - 2016","Comfort Bicycles","Baldwin Bikes","Marcelene Boyer"
330,"Gabriel Pitts","Clifton Park",NY,2016-07-24,2,539.98,"Electra Cruiser 1 (24-Inch) - 2016","Children Bicycles","Baldwin Bikes","Marcelene Boyer"
331,"Yang Roth",Webster,NY,2016-07-24,2,858.00,"Pure Cycles Vine 8-Speed - 2016","Cruisers Bicycles","Baldwin Bikes","Marcelene Boyer"
332,"Antonetta Rocha","Port Chester",NY,2016-07-24,2,898.00,"Pure Cycles Western 3-Speed - Women's - 2015/2016","Cruisers Bicycles","Baldwin Bikes","Venita Daniel"
333,"Major Merrill",Astoria,NY,2016-07-25,2,898.00,"Pure Cycles Western 3-Speed - Women's - 2015/2016","Cruisers Bicycles","Baldwin Bikes","Marcelene Boyer"
333,"Major Merrill",Astoria,NY,2016-07-25,2,3599.98,"Trek Remedy 29 Carbon Frameset - 2016","Mountain Bikes","Baldwin Bikes","Marcelene Boyer"
333,"Major Merrill",Astoria,NY,2016-07-25,1,999.99,"Surly Wednesday Frameset - 2016","Mountain Bikes","Baldwin Bikes","Marcelene Boyer"
334,"Hollis Rasmussen",Massapequa,NY,2016-07-25,2,1199.98,"Electra Townie Original 7D EQ - 2016","Cruisers Bicycles","Baldwin Bikes","Venita Daniel"
334,"Hollis Rasmussen",Massapequa,NY,2016-07-25,1,2999.99,"Trek Conduit+ - 2016","Electric Bikes","Baldwin Bikes","Venita Daniel"
334,"Hollis Rasmussen",Massapequa,NY,2016-07-25,2,1999.98,"Surly Wednesday Frameset - 2016","Mountain Bikes","Baldwin Bikes","Venita Daniel"
335,"Phebe Soto","South Ozone Park",NY,2016-07-25,1,469.99,"Surly Ice Cream Truck Frameset - 2016","Mountain Bikes","Baldwin Bikes","Marcelene Boyer"
335,"Phebe Soto","South Ozone Park",NY,2016-07-25,2,1499.98,"Ritchey Timberwolf Frameset - 2016","Mountain Bikes","Baldwin Bikes","Marcelene Boyer"
335,"Phebe Soto","South Ozone Park",NY,2016-07-25,1,269.99,"Electra Cruiser 1 (24-Inch) - 2016","Children Bicycles","Baldwin Bikes","Marcelene Boyer"
336,"Saran Moses",Brooklyn,NY,2016-07-26,1,2899.99,"Trek Fuel EX 8 29 - 2016","Mountain Bikes","Baldwin Bikes","Venita Daniel"
336,"Saran Moses",Brooklyn,NY,2016-07-26,1,549.99,"Electra Townie Original 21D - 2016","Cruisers Bicycles","Baldwin Bikes","Venita Daniel"
337,"Adriene Rollins",Plainview,NY,2016-07-26,1,449.00,"Pure Cycles Western 3-Speed - Women's - 2015/2016","Cruisers Bicycles","Baldwin Bikes","Venita Daniel"
337,"Adriene Rollins",Plainview,NY,2016-07-26,1,2899.99,"Trek Fuel EX 8 29 - 2016","Mountain Bikes","Baldwin Bikes","Venita Daniel"
339,"Shirely Cantrell","West Hempstead",NY,2016-07-28,1,269.99,"Electra Cruiser 1 (24-Inch) - 2016","Cruisers Bicycles","Baldwin Bikes","Venita Daniel"
339,"Shirely Cantrell","West Hempstead",NY,2016-07-28,2,1059.98,"Electra Moto 1 - 2016","Cruisers Bicycles","Baldwin Bikes","Venita Daniel"
340,"Anisha Lang",Rome,NY,2016-07-29,1,1680.99,"Surly Straggler 650b - 2016","Cyclocross Bicycles","Baldwin Bikes","Venita Daniel"
340,"Anisha Lang",Rome,NY,2016-07-29,1,549.99,"Electra Townie Original 21D - 2016","Comfort Bicycles","Baldwin Bikes","Venita Daniel"
340,"Anisha Lang",Rome,NY,2016-07-29,2,539.98,"Electra Cruiser 1 (24-Inch) - 2016","Cruisers Bicycles","Baldwin Bikes","Venita Daniel"
340,"Anisha Lang",Rome,NY,2016-07-29,2,1099.98,"Electra Townie Original 21D - 2016","Cruisers Bicycles","Baldwin Bikes","Venita Daniel"
340,"Anisha Lang",Rome,NY,2016-07-29,2,3098.00,"Surly Straggler - 2016","Cyclocross Bicycles","Baldwin Bikes","Venita Daniel"
342,"Reyes Merritt","Staten Island",NY,2016-07-31,1,599.99,"Electra Townie Original 7D EQ - 2016","Comfort Bicycles","Baldwin Bikes","Venita Daniel"
342,"Reyes Merritt","Staten Island",NY,2016-07-31,1,2999.99,"Trek Conduit+ - 2016","Electric Bikes","Baldwin Bikes","Venita Daniel"
342,"Reyes Merritt","Staten Island",NY,2016-07-31,2,1199.98,"Electra Townie Original 7D EQ - 2016","Cruisers Bicycles","Baldwin Bikes","Venita Daniel"
343,"Iva Wilcox",Kingston,NY,2016-07-31,2,1199.98,"Electra Townie Original 7D EQ - Women's - 2016","Cruisers Bicycles","Baldwin Bikes","Venita Daniel"
343,"Iva Wilcox",Kingston,NY,2016-07-31,1,499.99,"Electra Townie Original 7D - 2015/2016","Comfort Bicycles","Baldwin Bikes","Venita Daniel"
343,"Iva Wilcox",Kingston,NY,2016-07-31,2,2641.98,"Heller Shagamaw Frame - 2016","Mountain Bikes","Baldwin Bikes","Venita Daniel"
343,"Iva Wilcox",Kingston,NY,2016-07-31,1,1549.00,"Surly Straggler - 2016","Cyclocross Bicycles","Baldwin Bikes","Venita Daniel"
344,"Romaine Salazar",Monsey,NY,2016-08-01,1,269.99,"Electra Girl's Hawaii 1 (16-inch) - 2015/2016","Children Bicycles","Baldwin Bikes","Marcelene Boyer"
344,"Romaine Salazar",Monsey,NY,2016-08-01,2,898.00,"Pure Cycles Western 3-Speed - Women's - 2015/2016","Cruisers Bicycles","Baldwin Bikes","Marcelene Boyer"
344,"Romaine Salazar",Monsey,NY,2016-08-01,1,269.99,"Electra Girl's Hawaii 1 (16-inch) - 2015/2016","Cruisers Bicycles","Baldwin Bikes","Marcelene Boyer"
345,"Shauna Edwards","Yorktown Heights",NY,2016-08-01,2,898.00,"Pure Cycles Western 3-Speed - Women's - 2015/2016","Cruisers Bicycles","Baldwin Bikes","Marcelene Boyer"
345,"Shauna Edwards","Yorktown Heights",NY,2016-08-01,2,1099.98,"Electra Townie Original 21D - 2016","Comfort Bicycles","Baldwin Bikes","Marcelene Boyer"
347,"Jerald Blackwell","East Elmhurst",NY,2016-08-02,1,299.99,"Electra Girl's Hawaii 1 (20-inch) - 2015/2016","Children Bicycles","Baldwin Bikes","Marcelene Boyer"
352,"Emmitt Sanchez","New York",NY,2016-08-03,1,1680.99,"Surly Straggler 650b - 2016","Cyclocross Bicycles","Baldwin Bikes","Venita Daniel"
352,"Emmitt Sanchez","New York",NY,2016-08-03,1,269.99,"Electra Girl's Hawaii 1 (16-inch) - 2015/2016","Cruisers Bicycles","Baldwin Bikes","Venita Daniel"
353,"Phylicia Stout",Canandaigua,NY,2016-08-03,2,1499.98,"Ritchey Timberwolf Frameset - 2016","Mountain Bikes","Baldwin Bikes","Venita Daniel"
356,"Sheila Goodman",Uniondale,NY,2016-08-04,2,599.98,"Electra Girl's Hawaii 1 (20-inch) - 2015/2016","Children Bicycles","Baldwin Bikes","Marcelene Boyer"
356,"Sheila Goodman",Uniondale,NY,2016-08-04,1,2899.99,"Trek Fuel EX 8 29 - 2016","Mountain Bikes","Baldwin Bikes","Marcelene Boyer"
356,"Sheila Goodman",Uniondale,NY,2016-08-04,1,269.99,"Electra Cruiser 1 (24-Inch) - 2016","Cruisers Bicycles","Baldwin Bikes","Marcelene Boyer"
358,"Larissa Hays",Elmont,NY,2016-08-05,2,539.98,"Electra Cruiser 1 (24-Inch) - 2016","Children Bicycles","Baldwin Bikes","Venita Daniel"
358,"Larissa Hays",Elmont,NY,2016-08-05,2,939.98,"Surly Ice Cream Truck Frameset - 2016","Mountain Bikes","Baldwin Bikes","Venita Daniel"
358,"Larissa Hays",Elmont,NY,2016-08-05,2,3599.98,"Trek Remedy 29 Carbon Frameset - 2016","Mountain Bikes","Baldwin Bikes","Venita Daniel"
358,"Larissa Hays",Elmont,NY,2016-08-05,2,898.00,"Pure Cycles Western 3-Speed - Women's - 2015/2016","Cruisers Bicycles","Baldwin Bikes","Venita Daniel"
359,"Dorthea Walker","Port Washington",NY,2016-08-07,2,1059.98,"Electra Moto 1 - 2016","Cruisers Bicycles","Baldwin Bikes","Venita Daniel"
359,"Dorthea Walker","Port Washington",NY,2016-08-07,2,5999.98,"Trek Conduit+ - 2016","Electric Bikes","Baldwin Bikes","Venita Daniel"
359,"Dorthea Walker","Port Washington",NY,2016-08-07,2,7999.98,"Trek Slash 8 27.5 - 2016","Mountain Bikes","Baldwin Bikes","Venita Daniel"
360,"Clorinda Donovan",Jamestown,NY,2016-08-07,1,599.99,"Electra Townie Original 7D EQ - 2016","Comfort Bicycles","Baldwin Bikes","Marcelene Boyer"
360,"Clorinda Donovan",Jamestown,NY,2016-08-07,2,7999.98,"Trek Slash 8 27.5 - 2016","Mountain Bikes","Baldwin Bikes","Marcelene Boyer"
360,"Clorinda Donovan",Jamestown,NY,2016-08-07,2,539.98,"Electra Cruiser 1 (24-Inch) - 2016","Cruisers Bicycles","Baldwin Bikes","Marcelene Boyer"
360,"Clorinda Donovan",Jamestown,NY,2016-08-07,1,499.99,"Electra Townie Original 7D - 2015/2016","Comfort Bicycles","Baldwin Bikes","Marcelene Boyer"
361,"Demarcus Reese","Yorktown Heights",NY,2016-08-08,2,1099.98,"Electra Townie Original 21D - 2016","Comfort Bicycles","Baldwin Bikes","Marcelene Boyer"
361,"Demarcus Reese","Yorktown Heights",NY,2016-08-08,2,939.98,"Surly Ice Cream Truck Frameset - 2016","Mountain Bikes","Baldwin Bikes","Marcelene Boyer"
361,"Demarcus Reese","Yorktown Heights",NY,2016-08-08,1,1680.99,"Surly Straggler 650b - 2016","Cyclocross Bicycles","Baldwin Bikes","Marcelene Boyer"
364,"Mariette Trevino",Utica,NY,2016-08-12,2,999.98,"Electra Townie Original 7D - 2015/2016","Comfort Bicycles","Baldwin Bikes","Marcelene Boyer"
365,"Christel Cardenas","Long Beach",NY,2016-08-13,2,1099.98,"Electra Townie Original 21D - 2016","Comfort Bicycles","Baldwin Bikes","Marcelene Boyer"
367,"Afton Juarez",Coram,NY,2016-08-14,2,1199.98,"Electra Townie Original 7D EQ - 2016","Comfort Bicycles","Baldwin Bikes","Venita Daniel"
367,"Afton Juarez",Coram,NY,2016-08-14,1,269.99,"Electra Girl's Hawaii 1 (16-inch) - 2015/2016","Cruisers Bicycles","Baldwin Bikes","Venita Daniel"
367,"Afton Juarez",Coram,NY,2016-08-14,2,3098.00,"Surly Straggler - 2016","Cyclocross Bicycles","Baldwin Bikes","Venita Daniel"
368,"Amina Salazar",Canandaigua,NY,2016-08-14,1,1320.99,"Heller Shagamaw Frame - 2016","Mountain Bikes","Baldwin Bikes","Venita Daniel"
368,"Amina Salazar",Canandaigua,NY,2016-08-14,2,3098.00,"Surly Straggler - 2016","Cyclocross Bicycles","Baldwin Bikes","Venita Daniel"
368,"Amina Salazar",Canandaigua,NY,2016-08-14,2,539.98,"Electra Cruiser 1 (24-Inch) - 2016","Children Bicycles","Baldwin Bikes","Venita Daniel"
368,"Amina Salazar",Canandaigua,NY,2016-08-14,1,449.00,"Pure Cycles William 3-Speed - 2016","Cruisers Bicycles","Baldwin Bikes","Venita Daniel"
370,"Raymonde Garcia",Queensbury,NY,2016-08-15,2,999.98,"Electra Townie Original 7D - 2015/2016","Comfort Bicycles","Baldwin Bikes","Venita Daniel"
370,"Raymonde Garcia",Queensbury,NY,2016-08-15,2,5799.98,"Trek Fuel EX 8 29 - 2016","Mountain Bikes","Baldwin Bikes","Venita Daniel"
371,"Ashlie Parrish",Monsey,NY,2016-08-15,1,269.99,"Electra Girl's Hawaii 1 (16-inch) - 2015/2016","Cruisers Bicycles","Baldwin Bikes","Venita Daniel"
371,"Ashlie Parrish",Monsey,NY,2016-08-15,1,549.99,"Electra Townie Original 21D - 2016","Cruisers Bicycles","Baldwin Bikes","Venita Daniel"
372,"Boyd Irwin",Hamburg,NY,2016-08-16,1,1680.99,"Surly Straggler 650b - 2016","Cyclocross Bicycles","Baldwin Bikes","Marcelene Boyer"
372,"Boyd Irwin",Hamburg,NY,2016-08-16,2,539.98,"Electra Girl's Hawaii 1 (16-inch) - 2015/2016","Cruisers Bicycles","Baldwin Bikes","Marcelene Boyer"
372,"Boyd Irwin",Hamburg,NY,2016-08-16,1,1320.99,"Heller Shagamaw Frame - 2016","Mountain Bikes","Baldwin Bikes","Marcelene Boyer"
373,"Majorie Wyatt","South Ozone Park",NY,2016-08-16,2,3599.98,"Trek Remedy 29 Carbon Frameset - 2016","Mountain Bikes","Baldwin Bikes","Venita Daniel"
373,"Majorie Wyatt","South Ozone Park",NY,2016-08-16,1,269.99,"Electra Girl's Hawaii 1 (16-inch) - 2015/2016","Children Bicycles","Baldwin Bikes","Venita Daniel"
373,"Majorie Wyatt","South Ozone Park",NY,2016-08-16,2,898.00,"Pure Cycles William 3-Speed - 2016","Cruisers Bicycles","Baldwin Bikes","Venita Daniel"
373,"Majorie Wyatt","South Ozone Park",NY,2016-08-16,1,549.99,"Electra Townie Original 21D - 2016","Cruisers Bicycles","Baldwin Bikes","Venita Daniel"
373,"Majorie Wyatt","South Ozone Park",NY,2016-08-16,1,269.99,"Electra Cruiser 1 (24-Inch) - 2016","Cruisers Bicycles","Baldwin Bikes","Venita Daniel"
375,"Christiane Bradford","Orchard Park",NY,2016-08-17,2,539.98,"Electra Cruiser 1 (24-Inch) - 2016","Children Bicycles","Baldwin Bikes","Venita Daniel"
375,"Christiane Bradford","Orchard Park",NY,2016-08-17,2,1499.98,"Ritchey Timberwolf Frameset - 2016","Mountain Bikes","Baldwin Bikes","Venita Daniel"
375,"Christiane Bradford","Orchard Park",NY,2016-08-17,2,5799.98,"Trek Fuel EX 8 29 - 2016","Mountain Bikes","Baldwin Bikes","Venita Daniel"
375,"Christiane Bradford","Orchard Park",NY,2016-08-17,2,1099.98,"Electra Townie Original 21D - 2016","Cruisers Bicycles","Baldwin Bikes","Venita Daniel"
376,"Kristel Byrd",Hicksville,NY,2016-08-17,2,1499.98,"Ritchey Timberwolf Frameset - 2016","Mountain Bikes","Baldwin Bikes","Marcelene Boyer"
376,"Kristel Byrd",Hicksville,NY,2016-08-17,2,599.98,"Electra Girl's Hawaii 1 (20-inch) - 2015/2016","Children Bicycles","Baldwin Bikes","Marcelene Boyer"
377,"Thad Gilliam",Levittown,NY,2016-08-17,1,1799.99,"Trek Remedy 29 Carbon Frameset - 2016","Mountain Bikes","Baldwin Bikes","Marcelene Boyer"
377,"Thad Gilliam",Levittown,NY,2016-08-17,1,269.99,"Electra Girl's Hawaii 1 (16-inch) - 2015/2016","Cruisers Bicycles","Baldwin Bikes","Marcelene Boyer"
379,"Hassan Nash",Hicksville,NY,2016-08-18,1,2999.99,"Trek Conduit+ - 2016","Electric Bikes","Baldwin Bikes","Venita Daniel"
379,"Hassan Nash",Hicksville,NY,2016-08-18,1,599.99,"Electra Townie Original 7D EQ - 2016","Cruisers Bicycles","Baldwin Bikes","Venita Daniel"
380,"Han Wade","Howard Beach",NY,2016-08-19,1,599.99,"Electra Townie Original 7D EQ - 2016","Cruisers Bicycles","Baldwin Bikes","Venita Daniel"
380,"Han Wade","Howard Beach",NY,2016-08-19,2,3361.98,"Surly Straggler 650b - 2016","Cyclocross Bicycles","Baldwin Bikes","Venita Daniel"
381,"Vanessa West","New Rochelle",NY,2016-08-19,2,539.98,"Electra Cruiser 1 (24-Inch) - 2016","Children Bicycles","Baldwin Bikes","Venita Daniel"
382,"Clelia Workman","New Windsor",NY,2016-08-20,1,1799.99,"Trek Remedy 29 Carbon Frameset - 2016","Mountain Bikes","Baldwin Bikes","Marcelene Boyer"
382,"Clelia Workman","New Windsor",NY,2016-08-20,1,2999.99,"Trek Conduit+ - 2016","Electric Bikes","Baldwin Bikes","Marcelene Boyer"
382,"Clelia Workman","New Windsor",NY,2016-08-20,1,269.99,"Electra Cruiser 1 (24-Inch) - 2016","Cruisers Bicycles","Baldwin Bikes","Marcelene Boyer"
383,"Aleta Mack","Bay Shore",NY,2016-08-20,1,449.00,"Pure Cycles William 3-Speed - 2016","Cruisers Bicycles","Baldwin Bikes","Venita Daniel"
383,"Aleta Mack","Bay Shore",NY,2016-08-20,2,539.98,"Electra Girl's Hawaii 1 (16-inch) - 2015/2016","Children Bicycles","Baldwin Bikes","Venita Daniel"
383,"Aleta Mack","Bay Shore",NY,2016-08-20,1,269.99,"Electra Cruiser 1 (24-Inch) - 2016","Cruisers Bicycles","Baldwin Bikes","Venita Daniel"
383,"Aleta Mack","Bay Shore",NY,2016-08-20,2,539.98,"Electra Cruiser 1 (24-Inch) - 2016","Children Bicycles","Baldwin Bikes","Venita Daniel"
383,"Aleta Mack","Bay Shore",NY,2016-08-20,1,269.99,"Electra Girl's Hawaii 1 (16-inch) - 2015/2016","Cruisers Bicycles","Baldwin Bikes","Venita Daniel"
384,"Conception Slater",Bellmore,NY,2016-08-20,1,599.99,"Electra Townie Original 7D EQ - Women's - 2016","Cruisers Bicycles","Baldwin Bikes","Venita Daniel"
384,"Conception Slater",Bellmore,NY,2016-08-20,2,539.98,"Electra Cruiser 1 (24-Inch) - 2016","Children Bicycles","Baldwin Bikes","Venita Daniel"
384,"Conception Slater",Bellmore,NY,2016-08-20,1,1799.99,"Trek Remedy 29 Carbon Frameset - 2016","Mountain Bikes","Baldwin Bikes","Venita Daniel"
384,"Conception Slater",Bellmore,NY,2016-08-20,1,529.99,"Electra Moto 1 - 2016","Cruisers Bicycles","Baldwin Bikes","Venita Daniel"
384,"Conception Slater",Bellmore,NY,2016-08-20,1,2899.99,"Trek Fuel EX 8 29 - 2016","Mountain Bikes","Baldwin Bikes","Venita Daniel"
385,"Odette Moses",Newburgh,NY,2016-08-20,1,269.99,"Electra Cruiser 1 (24-Inch) - 2016","Children Bicycles","Baldwin Bikes","Venita Daniel"
385,"Odette Moses",Newburgh,NY,2016-08-20,2,7999.98,"Trek Slash 8 27.5 - 2016","Mountain Bikes","Baldwin Bikes","Venita Daniel"
385,"Odette Moses",Newburgh,NY,2016-08-20,2,1199.98,"Electra Townie Original 7D EQ - 2016","Comfort Bicycles","Baldwin Bikes","Venita Daniel"
386,"Christiana Gross","Orchard Park",NY,2016-08-20,1,1799.99,"Trek Remedy 29 Carbon Frameset - 2016","Mountain Bikes","Baldwin Bikes","Marcelene Boyer"
386,"Christiana Gross","Orchard Park",NY,2016-08-20,2,1999.98,"Surly Wednesday Frameset - 2016","Mountain Bikes","Baldwin Bikes","Marcelene Boyer"
386,"Christiana Gross","Orchard Park",NY,2016-08-20,2,1199.98,"Electra Townie Original 7D EQ - 2016","Cruisers Bicycles","Baldwin Bikes","Marcelene Boyer"
393,"Alysha Powers","Forest Hills",NY,2016-08-25,2,939.98,"Surly Ice Cream Truck Frameset - 2016","Mountain Bikes","Baldwin Bikes","Marcelene Boyer"
395,"Hans Price","Port Chester",NY,2016-08-26,1,269.99,"Electra Girl's Hawaii 1 (16-inch) - 2015/2016","Cruisers Bicycles","Baldwin Bikes","Marcelene Boyer"
396,"Timothy Byers",Ronkonkoma,NY,2016-08-27,1,549.99,"Electra Townie Original 21D - 2016","Cruisers Bicycles","Baldwin Bikes","Marcelene Boyer"
396,"Timothy Byers",Ronkonkoma,NY,2016-08-27,2,999.98,"Electra Townie Original 7D - 2015/2016","Comfort Bicycles","Baldwin Bikes","Marcelene Boyer"
396,"Timothy Byers",Ronkonkoma,NY,2016-08-27,1,1320.99,"Heller Shagamaw Frame - 2016","Mountain Bikes","Baldwin Bikes","Marcelene Boyer"
397,"Son Warner","Rockville Centre",NY,2016-08-28,1,3999.99,"Trek Slash 8 27.5 - 2016","Mountain Bikes","Baldwin Bikes","Venita Daniel"
399,"Lee Roman",Brentwood,NY,2016-08-29,1,499.99,"Electra Townie Original 7D - 2015/2016","Comfort Bicycles","Baldwin Bikes","Venita Daniel"
399,"Lee Roman",Brentwood,NY,2016-08-29,2,3361.98,"Surly Straggler 650b - 2016","Cyclocross Bicycles","Baldwin Bikes","Venita Daniel"
399,"Lee Roman",Brentwood,NY,2016-08-29,1,269.99,"Electra Girl's Hawaii 1 (16-inch) - 2015/2016","Cruisers Bicycles","Baldwin Bikes","Venita Daniel"
400,"Alline Beasley","North Tonawanda",NY,2016-08-29,2,1099.98,"Electra Townie Original 21D - 2016","Comfort Bicycles","Baldwin Bikes","Marcelene Boyer"
400,"Alline Beasley","North Tonawanda",NY,2016-08-29,1,2999.99,"Trek Conduit+ - 2016","Electric Bikes","Baldwin Bikes","Marcelene Boyer"
400,"Alline Beasley","North Tonawanda",NY,2016-08-29,2,1999.98,"Surly Wednesday Frameset - 2016","Mountain Bikes","Baldwin Bikes","Marcelene Boyer"
401,"Sylvie Wilkerson",Syosset,NY,2016-08-30,1,299.99,"Electra Girl's Hawaii 1 (20-inch) - 2015/2016","Children Bicycles","Baldwin Bikes","Marcelene Boyer"
401,"Sylvie Wilkerson",Syosset,NY,2016-08-30,2,3098.00,"Surly Straggler - 2016","Cyclocross Bicycles","Baldwin Bikes","Marcelene Boyer"
402,"Corina Lynch",Rosedale,NY,2016-08-30,2,939.98,"Surly Ice Cream Truck Frameset - 2016","Mountain Bikes","Baldwin Bikes","Marcelene Boyer"
402,"Corina Lynch",Rosedale,NY,2016-08-30,1,1320.99,"Heller Shagamaw Frame - 2016","Mountain Bikes","Baldwin Bikes","Marcelene Boyer"
402,"Corina Lynch",Rosedale,NY,2016-08-30,1,599.99,"Electra Townie Original 7D EQ - 2016","Comfort Bicycles","Baldwin Bikes","Marcelene Boyer"
404,"Laverna Hernandez","Niagara Falls",NY,2016-08-31,1,2999.99,"Trek Conduit+ - 2016","Electric Bikes","Baldwin Bikes","Venita Daniel"
404,"Laverna Hernandez","Niagara Falls",NY,2016-08-31,2,999.98,"Electra Townie Original 7D - 2015/2016","Comfort Bicycles","Baldwin Bikes","Venita Daniel"
404,"Laverna Hernandez","Niagara Falls",NY,2016-08-31,2,1199.98,"Electra Townie Original 7D EQ - 2016","Cruisers Bicycles","Baldwin Bikes","Venita Daniel"
405,"Genevieve Juarez","New Hyde Park",NY,2016-08-31,2,1999.98,"Surly Wednesday Frameset - 2016","Mountain Bikes","Baldwin Bikes","Marcelene Boyer"
405,"Genevieve Juarez","New Hyde Park",NY,2016-08-31,2,3098.00,"Surly Straggler - 2016","Cyclocross Bicycles","Baldwin Bikes","Marcelene Boyer"
405,"Genevieve Juarez","New Hyde Park",NY,2016-08-31,2,539.98,"Electra Girl's Hawaii 1 (16-inch) - 2015/2016","Cruisers Bicycles","Baldwin Bikes","Marcelene Boyer"
406,"Eliz Lynch",Uniondale,NY,2016-08-31,1,2899.99,"Trek Fuel EX 8 29 - 2016","Mountain Bikes","Baldwin Bikes","Venita Daniel"
409,"Luke Fuller",Hempstead,NY,2016-09-01,1,529.99,"Electra Moto 1 - 2016","Cruisers Bicycles","Baldwin Bikes","Venita Daniel"
409,"Luke Fuller",Hempstead,NY,2016-09-01,2,1199.98,"Electra Townie Original 7D EQ - 2016","Cruisers Bicycles","Baldwin Bikes","Venita Daniel"
409,"Luke Fuller",Hempstead,NY,2016-09-01,1,269.99,"Electra Cruiser 1 (24-Inch) - 2016","Children Bicycles","Baldwin Bikes","Venita Daniel"
410,"Herminia Reyes",Centereach,NY,2016-09-01,1,499.99,"Electra Townie Original 7D - 2015/2016","Comfort Bicycles","Baldwin Bikes","Marcelene Boyer"
410,"Herminia Reyes",Centereach,NY,2016-09-01,2,5999.98,"Trek Conduit+ - 2016","Electric Bikes","Baldwin Bikes","Marcelene Boyer"
410,"Herminia Reyes",Centereach,NY,2016-09-01,2,1099.98,"Electra Townie Original 21D - 2016","Comfort Bicycles","Baldwin Bikes","Marcelene Boyer"
413,"Kristofer Craig",Plainview,NY,2016-09-02,2,3599.98,"Trek Remedy 29 Carbon Frameset - 2016","Mountain Bikes","Baldwin Bikes","Marcelene Boyer"
413,"Kristofer Craig",Plainview,NY,2016-09-02,1,499.99,"Electra Townie Original 7D - 2015/2016","Comfort Bicycles","Baldwin Bikes","Marcelene Boyer"
413,"Kristofer Craig",Plainview,NY,2016-09-02,1,2999.99,"Trek Conduit+ - 2016","Electric Bikes","Baldwin Bikes","Marcelene Boyer"
414,"Vernia Madden",Troy,NY,2016-09-03,2,5799.98,"Trek Fuel EX 8 29 - 2016","Mountain Bikes","Baldwin Bikes","Venita Daniel"
415,"Bonita Marshall",Endicott,NY,2016-09-03,1,999.99,"Surly Wednesday Frameset - 2016","Mountain Bikes","Baldwin Bikes","Venita Daniel"
415,"Bonita Marshall",Endicott,NY,2016-09-03,2,599.98,"Electra Girl's Hawaii 1 (20-inch) - 2015/2016","Children Bicycles","Baldwin Bikes","Venita Daniel"
415,"Bonita Marshall",Endicott,NY,2016-09-03,1,1320.99,"Heller Shagamaw Frame - 2016","Mountain Bikes","Baldwin Bikes","Venita Daniel"
415,"Bonita Marshall",Endicott,NY,2016-09-03,2,939.98,"Surly Ice Cream Truck Frameset - 2016","Mountain Bikes","Baldwin Bikes","Venita Daniel"
416,"Johana Jacobson",Rochester,NY,2016-09-03,1,269.99,"Electra Girl's Hawaii 1 (16-inch) - 2015/2016","Children Bicycles","Baldwin Bikes","Venita Daniel"
416,"Johana Jacobson",Rochester,NY,2016-09-03,1,269.99,"Electra Girl's Hawaii 1 (16-inch) - 2015/2016","Cruisers Bicycles","Baldwin Bikes","Venita Daniel"
416,"Johana Jacobson",Rochester,NY,2016-09-03,1,549.99,"Electra Townie Original 21D - 2016","Comfort Bicycles","Baldwin Bikes","Venita Daniel"
418,"Titus Bullock",Hollis,NY,2016-09-04,1,549.99,"Electra Townie Original 21D - 2016","Cruisers Bicycles","Baldwin Bikes","Marcelene Boyer"
418,"Titus Bullock",Hollis,NY,2016-09-04,1,599.99,"Electra Townie Original 7D EQ - Women's - 2016","Cruisers Bicycles","Baldwin Bikes","Marcelene Boyer"
422,"Suellen Mercado",Sunnyside,NY,2016-09-06,2,1199.98,"Electra Townie Original 7D EQ - Women's - 2016","Cruisers Bicycles","Baldwin Bikes","Marcelene Boyer"
423,"Dewayne Herring",Webster,NY,2016-09-06,2,3599.98,"Trek Remedy 29 Carbon Frameset - 2016","Mountain Bikes","Baldwin Bikes","Venita Daniel"
423,"Dewayne Herring",Webster,NY,2016-09-06,1,429.00,"Pure Cycles Vine 8-Speed - 2016","Cruisers Bicycles","Baldwin Bikes","Venita Daniel"
423,"Dewayne Herring",Webster,NY,2016-09-06,2,599.98,"Electra Girl's Hawaii 1 (20-inch) - 2015/2016","Children Bicycles","Baldwin Bikes","Venita Daniel"
423,"Dewayne Herring",Webster,NY,2016-09-06,1,749.99,"Ritchey Timberwolf Frameset - 2016","Mountain Bikes","Baldwin Bikes","Venita Daniel"
425,"Tessie Farmer",Plattsburgh,NY,2016-09-08,1,469.99,"Surly Ice Cream Truck Frameset - 2016","Mountain Bikes","Baldwin Bikes","Marcelene Boyer"
425,"Tessie Farmer",Plattsburgh,NY,2016-09-08,2,539.98,"Electra Cruiser 1 (24-Inch) - 2016","Children Bicycles","Baldwin Bikes","Marcelene Boyer"
425,"Tessie Farmer",Plattsburgh,NY,2016-09-08,1,449.00,"Pure Cycles William 3-Speed - 2016","Cruisers Bicycles","Baldwin Bikes","Marcelene Boyer"
426,"Tonja Henderson",Scarsdale,NY,2016-09-08,1,1549.00,"Surly Straggler - 2016","Cyclocross Bicycles","Baldwin Bikes","Marcelene Boyer"
426,"Tonja Henderson",Scarsdale,NY,2016-09-08,2,599.98,"Electra Girl's Hawaii 1 (20-inch) - 2015/2016","Children Bicycles","Baldwin Bikes","Marcelene Boyer"
428,"Bee Baker",Liverpool,NY,2016-09-09,2,2641.98,"Heller Shagamaw Frame - 2016","Mountain Bikes","Baldwin Bikes","Marcelene Boyer"
428,"Bee Baker",Liverpool,NY,2016-09-09,1,269.99,"Electra Girl's Hawaii 1 (16-inch) - 2015/2016","Cruisers Bicycles","Baldwin Bikes","Marcelene Boyer"
430,"Deja Chaney",Jamaica,NY,2016-09-11,2,539.98,"Electra Girl's Hawaii 1 (16-inch) - 2015/2016","Children Bicycles","Baldwin Bikes","Marcelene Boyer"
430,"Deja Chaney",Jamaica,NY,2016-09-11,1,1680.99,"Surly Straggler 650b - 2016","Cyclocross Bicycles","Baldwin Bikes","Marcelene Boyer"
430,"Deja Chaney",Jamaica,NY,2016-09-11,2,5799.98,"Trek Fuel EX 8 29 - 2016","Mountain Bikes","Baldwin Bikes","Marcelene Boyer"
430,"Deja Chaney",Jamaica,NY,2016-09-11,2,539.98,"Electra Cruiser 1 (24-Inch) - 2016","Cruisers Bicycles","Baldwin Bikes","Marcelene Boyer"
430,"Deja Chaney",Jamaica,NY,2016-09-11,1,1799.99,"Trek Remedy 29 Carbon Frameset - 2016","Mountain Bikes","Baldwin Bikes","Marcelene Boyer"
431,"Carlie Terrell",Yonkers,NY,2016-09-11,2,539.98,"Electra Girl's Hawaii 1 (16-inch) - 2015/2016","Cruisers Bicycles","Baldwin Bikes","Marcelene Boyer"
431,"Carlie Terrell",Yonkers,NY,2016-09-11,1,469.99,"Surly Ice Cream Truck Frameset - 2016","Mountain Bikes","Baldwin Bikes","Marcelene Boyer"
431,"Carlie Terrell",Yonkers,NY,2016-09-11,1,449.00,"Pure Cycles Western 3-Speed - Women's - 2015/2016","Cruisers Bicycles","Baldwin Bikes","Marcelene Boyer"
431,"Carlie Terrell",Yonkers,NY,2016-09-11,2,539.98,"Electra Cruiser 1 (24-Inch) - 2016","Cruisers Bicycles","Baldwin Bikes","Marcelene Boyer"
431,"Carlie Terrell",Yonkers,NY,2016-09-11,1,449.00,"Pure Cycles William 3-Speed - 2016","Cruisers Bicycles","Baldwin Bikes","Marcelene Boyer"
433,"Jerri Guthrie",Carmel,NY,2016-09-12,1,469.99,"Surly Ice Cream Truck Frameset - 2016","Mountain Bikes","Baldwin Bikes","Marcelene Boyer"
433,"Jerri Guthrie",Carmel,NY,2016-09-12,1,1549.00,"Surly Straggler - 2016","Cyclocross Bicycles","Baldwin Bikes","Marcelene Boyer"
433,"Jerri Guthrie",Carmel,NY,2016-09-12,1,549.99,"Electra Townie Original 21D - 2016","Comfort Bicycles","Baldwin Bikes","Marcelene Boyer"
433,"Jerri Guthrie",Carmel,NY,2016-09-12,1,2899.99,"Trek Fuel EX 8 29 - 2016","Mountain Bikes","Baldwin Bikes","Marcelene Boyer"
434,"Rochell Cantrell","Port Jefferson Station",NY,2016-09-13,1,269.99,"Electra Cruiser 1 (24-Inch) - 2016","Children Bicycles","Baldwin Bikes","Marcelene Boyer"
434,"Rochell Cantrell","Port Jefferson Station",NY,2016-09-13,1,599.99,"Electra Townie Original 7D EQ - Women's - 2016","Cruisers Bicycles","Baldwin Bikes","Marcelene Boyer"
434,"Rochell Cantrell","Port Jefferson Station",NY,2016-09-13,1,2999.99,"Trek Conduit+ - 2016","Electric Bikes","Baldwin Bikes","Marcelene Boyer"
434,"Rochell Cantrell","Port Jefferson Station",NY,2016-09-13,2,3361.98,"Surly Straggler 650b - 2016","Cyclocross Bicycles","Baldwin Bikes","Marcelene Boyer"
434,"Rochell Cantrell","Port Jefferson Station",NY,2016-09-13,2,898.00,"Pure Cycles Western 3-Speed - Women's - 2015/2016","Cruisers Bicycles","Baldwin Bikes","Marcelene Boyer"
436,"Yun Nelson","Ballston Spa",NY,2016-09-16,1,999.99,"Surly Wednesday Frameset - 2016","Mountain Bikes","Baldwin Bikes","Venita Daniel"
436,"Yun Nelson","Ballston Spa",NY,2016-09-16,1,299.99,"Electra Girl's Hawaii 1 (20-inch) - 2015/2016","Children Bicycles","Baldwin Bikes","Venita Daniel"
437,"Adam Thornton","Central Islip",NY,2016-09-16,1,999.99,"Surly Wednesday Frameset - 2016","Mountain Bikes","Baldwin Bikes","Venita Daniel"
437,"Adam Thornton","Central Islip",NY,2016-09-16,1,1549.00,"Surly Straggler - 2016","Cyclocross Bicycles","Baldwin Bikes","Venita Daniel"
437,"Adam Thornton","Central Islip",NY,2016-09-16,2,3599.98,"Trek Remedy 29 Carbon Frameset - 2016","Mountain Bikes","Baldwin Bikes","Venita Daniel"
439,"Meredith Bryan","Spring Valley",NY,2016-09-17,2,939.98,"Surly Ice Cream Truck Frameset - 2016","Mountain Bikes","Baldwin Bikes","Marcelene Boyer"
439,"Meredith Bryan","Spring Valley",NY,2016-09-17,2,7999.98,"Trek Slash 8 27.5 - 2016","Mountain Bikes","Baldwin Bikes","Marcelene Boyer"
440,"Hilda Harvey","Ballston Spa",NY,2016-09-17,2,898.00,"Pure Cycles William 3-Speed - 2016","Cruisers Bicycles","Baldwin Bikes","Venita Daniel"
440,"Hilda Harvey","Ballston Spa",NY,2016-09-17,2,5799.98,"Trek Fuel EX 8 29 - 2016","Mountain Bikes","Baldwin Bikes","Venita Daniel"
442,"Etsuko Garrison","Richmond Hill",NY,2016-09-18,2,1199.98,"Electra Townie Original 7D EQ - 2016","Cruisers Bicycles","Baldwin Bikes","Venita Daniel"
442,"Etsuko Garrison","Richmond Hill",NY,2016-09-18,2,1199.98,"Electra Townie Original 7D EQ - 2016","Comfort Bicycles","Baldwin Bikes","Venita Daniel"
442,"Etsuko Garrison","Richmond Hill",NY,2016-09-18,2,939.98,"Surly Ice Cream Truck Frameset - 2016","Mountain Bikes","Baldwin Bikes","Venita Daniel"
443,"Pandora Estes","New Hyde Park",NY,2016-09-18,1,1320.99,"Heller Shagamaw Frame - 2016","Mountain Bikes","Baldwin Bikes","Marcelene Boyer"
443,"Pandora Estes","New Hyde Park",NY,2016-09-18,1,599.99,"Electra Townie Original 7D EQ - 2016","Comfort Bicycles","Baldwin Bikes","Marcelene Boyer"
445,"Olevia Noel",Kingston,NY,2016-09-19,1,3999.99,"Trek Slash 8 27.5 - 2016","Mountain Bikes","Baldwin Bikes","Marcelene Boyer"
445,"Olevia Noel",Kingston,NY,2016-09-19,1,599.99,"Electra Townie Original 7D EQ - 2016","Cruisers Bicycles","Baldwin Bikes","Marcelene Boyer"
445,"Olevia Noel",Kingston,NY,2016-09-19,1,299.99,"Electra Girl's Hawaii 1 (20-inch) - 2015/2016","Children Bicycles","Baldwin Bikes","Marcelene Boyer"
446,"Bart Hess",Kingston,NY,2016-09-19,1,269.99,"Electra Girl's Hawaii 1 (16-inch) - 2015/2016","Children Bicycles","Baldwin Bikes","Venita Daniel"
446,"Bart Hess",Kingston,NY,2016-09-19,2,1199.98,"Electra Townie Original 7D EQ - 2016","Cruisers Bicycles","Baldwin Bikes","Venita Daniel"
448,"Nichelle Howell",Scarsdale,NY,2016-09-21,2,539.98,"Electra Cruiser 1 (24-Inch) - 2016","Cruisers Bicycles","Baldwin Bikes","Marcelene Boyer"
448,"Nichelle Howell",Scarsdale,NY,2016-09-21,2,939.98,"Surly Ice Cream Truck Frameset - 2016","Mountain Bikes","Baldwin Bikes","Marcelene Boyer"
449,"Justa Thompson",Corona,NY,2016-09-21,2,858.00,"Pure Cycles Vine 8-Speed - 2016","Cruisers Bicycles","Baldwin Bikes","Venita Daniel"
449,"Justa Thompson",Corona,NY,2016-09-21,1,749.99,"Ritchey Timberwolf Frameset - 2016","Mountain Bikes","Baldwin Bikes","Venita Daniel"
449,"Justa Thompson",Corona,NY,2016-09-21,2,7999.98,"Trek Slash 8 27.5 - 2016","Mountain Bikes","Baldwin Bikes","Venita Daniel"
449,"Justa Thompson",Corona,NY,2016-09-21,2,1199.98,"Electra Townie Original 7D EQ - 2016","Comfort Bicycles","Baldwin Bikes","Venita Daniel"
450,"Laurence Christian",Jamaica,NY,2016-09-21,1,549.99,"Electra Townie Original 21D - 2016","Comfort Bicycles","Baldwin Bikes","Venita Daniel"
450,"Laurence Christian",Jamaica,NY,2016-09-21,1,549.99,"Electra Townie Original 21D - 2016","Cruisers Bicycles","Baldwin Bikes","Venita Daniel"
450,"Laurence Christian",Jamaica,NY,2016-09-21,1,1320.99,"Heller Shagamaw Frame - 2016","Mountain Bikes","Baldwin Bikes","Venita Daniel"
451,"Charlsie Carson","Saint Albans",NY,2016-09-21,2,539.98,"Electra Girl's Hawaii 1 (16-inch) - 2015/2016","Cruisers Bicycles","Baldwin Bikes","Venita Daniel"
452,"Trinidad Mcclain",Baldwin,NY,2016-09-22,1,1680.99,"Surly Straggler 650b - 2016","Cyclocross Bicycles","Baldwin Bikes","Venita Daniel"
452,"Trinidad Mcclain",Baldwin,NY,2016-09-22,1,599.99,"Electra Townie Original 7D EQ - 2016","Cruisers Bicycles","Baldwin Bikes","Venita Daniel"
452,"Trinidad Mcclain",Baldwin,NY,2016-09-22,2,7999.98,"Trek Slash 8 27.5 - 2016","Mountain Bikes","Baldwin Bikes","Venita Daniel"
452,"Trinidad Mcclain",Baldwin,NY,2016-09-22,1,1799.99,"Trek Remedy 29 Carbon Frameset - 2016","Mountain Bikes","Baldwin Bikes","Venita Daniel"
453,"Shanna Bonner",Canandaigua,NY,2016-09-22,1,299.99,"Electra Girl's Hawaii 1 (20-inch) - 2015/2016","Children Bicycles","Baldwin Bikes","Venita Daniel"
453,"Shanna Bonner",Canandaigua,NY,2016-09-22,2,1199.98,"Electra Townie Original 7D EQ - Women's - 2016","Cruisers Bicycles","Baldwin Bikes","Venita Daniel"
453,"Shanna Bonner",Canandaigua,NY,2016-09-22,1,2899.99,"Trek Fuel EX 8 29 - 2016","Mountain Bikes","Baldwin Bikes","Venita Daniel"
454,"Vanda Holmes",Syosset,NY,2016-09-23,2,999.98,"Electra Townie Original 7D - 2015/2016","Comfort Bicycles","Baldwin Bikes","Marcelene Boyer"
454,"Vanda Holmes",Syosset,NY,2016-09-23,2,539.98,"Electra Cruiser 1 (24-Inch) - 2016","Cruisers Bicycles","Baldwin Bikes","Marcelene Boyer"
454,"Vanda Holmes",Syosset,NY,2016-09-23,2,1099.98,"Electra Townie Original 21D - 2016","Comfort Bicycles","Baldwin Bikes","Marcelene Boyer"
455,"Hildegarde Christensen",Maspeth,NY,2016-09-23,1,2999.99,"Trek Conduit+ - 2016","Electric Bikes","Baldwin Bikes","Venita Daniel"
458,"Andy O'neill","Rego Park",NY,2016-09-25,1,749.99,"Ritchey Timberwolf Frameset - 2016","Mountain Bikes","Baldwin Bikes","Marcelene Boyer"
458,"Andy O'neill","Rego Park",NY,2016-09-25,2,539.98,"Electra Cruiser 1 (24-Inch) - 2016","Children Bicycles","Baldwin Bikes","Marcelene Boyer"
458,"Andy O'neill","Rego Park",NY,2016-09-25,1,1680.99,"Surly Straggler 650b - 2016","Cyclocross Bicycles","Baldwin Bikes","Marcelene Boyer"
458,"Andy O'neill","Rego Park",NY,2016-09-25,1,549.99,"Electra Townie Original 21D - 2016","Comfort Bicycles","Baldwin Bikes","Marcelene Boyer"
458,"Andy O'neill","Rego Park",NY,2016-09-25,2,1999.98,"Surly Wednesday Frameset - 2016","Mountain Bikes","Baldwin Bikes","Marcelene Boyer"
459,"Mila Good",Plattsburgh,NY,2016-09-25,1,1680.99,"Surly Straggler 650b - 2016","Cyclocross Bicycles","Baldwin Bikes","Marcelene Boyer"
461,"Brittney Rojas",Kingston,NY,2016-09-26,1,599.99,"Electra Townie Original 7D EQ - 2016","Cruisers Bicycles","Baldwin Bikes","Venita Daniel"
461,"Brittney Rojas",Kingston,NY,2016-09-26,1,2899.99,"Trek Fuel EX 8 29 - 2016","Mountain Bikes","Baldwin Bikes","Venita Daniel"
461,"Brittney Rojas",Kingston,NY,2016-09-26,2,3599.98,"Trek Remedy 29 Carbon Frameset - 2016","Mountain Bikes","Baldwin Bikes","Venita Daniel"
461,"Brittney Rojas",Kingston,NY,2016-09-26,1,549.99,"Electra Townie Original 21D - 2016","Comfort Bicycles","Baldwin Bikes","Venita Daniel"
461,"Brittney Rojas",Kingston,NY,2016-09-26,2,898.00,"Pure Cycles Western 3-Speed - Women's - 2015/2016","Cruisers Bicycles","Baldwin Bikes","Venita Daniel"
462,"Lezlie Thompson",Freeport,NY,2016-09-27,2,1099.98,"Electra Townie Original 21D - 2016","Cruisers Bicycles","Baldwin Bikes","Marcelene Boyer"
464,"Georgeann Waller","North Tonawanda",NY,2016-09-28,1,3999.99,"Trek Slash 8 27.5 - 2016","Mountain Bikes","Baldwin Bikes","Venita Daniel"
465,"Cheryll Snyder",Brooklyn,NY,2016-09-28,2,939.98,"Surly Ice Cream Truck Frameset - 2016","Mountain Bikes","Baldwin Bikes","Marcelene Boyer"
465,"Cheryll Snyder",Brooklyn,NY,2016-09-28,2,999.98,"Electra Townie Original 7D - 2015/2016","Comfort Bicycles","Baldwin Bikes","Marcelene Boyer"
466,"Ernest Rollins","Oakland Gardens",NY,2016-09-28,2,898.00,"Pure Cycles William 3-Speed - 2016","Cruisers Bicycles","Baldwin Bikes","Venita Daniel"
466,"Ernest Rollins","Oakland Gardens",NY,2016-09-28,1,469.99,"Surly Ice Cream Truck Frameset - 2016","Mountain Bikes","Baldwin Bikes","Venita Daniel"
466,"Ernest Rollins","Oakland Gardens",NY,2016-09-28,2,7999.98,"Trek Slash 8 27.5 - 2016","Mountain Bikes","Baldwin Bikes","Venita Daniel"
466,"Ernest Rollins","Oakland Gardens",NY,2016-09-28,1,529.99,"Electra Moto 1 - 2016","Cruisers Bicycles","Baldwin Bikes","Venita Daniel"
466,"Ernest Rollins","Oakland Gardens",NY,2016-09-28,1,1320.99,"Heller Shagamaw Frame - 2016","Mountain Bikes","Baldwin Bikes","Venita Daniel"
469,"Chere Mcfadden","Orchard Park",NY,2016-09-29,2,3599.98,"Trek Remedy 29 Carbon Frameset - 2016","Mountain Bikes","Baldwin Bikes","Venita Daniel"
469,"Chere Mcfadden","Orchard Park",NY,2016-09-29,1,2899.99,"Trek Fuel EX 8 29 - 2016","Mountain Bikes","Baldwin Bikes","Venita Daniel"
469,"Chere Mcfadden","Orchard Park",NY,2016-09-29,2,1059.98,"Electra Moto 1 - 2016","Cruisers Bicycles","Baldwin Bikes","Venita Daniel"
472,"Jeanett Herman",Lindenhurst,NY,2016-09-30,1,529.99,"Electra Moto 1 - 2016","Cruisers Bicycles","Baldwin Bikes","Venita Daniel"
472,"Jeanett Herman",Lindenhurst,NY,2016-09-30,2,539.98,"Electra Cruiser 1 (24-Inch) - 2016","Children Bicycles","Baldwin Bikes","Venita Daniel"
473,"Elmo Arnold","Long Beach",NY,2016-09-30,1,599.99,"Electra Townie Original 7D EQ - 2016","Comfort Bicycles","Baldwin Bikes","Venita Daniel"
475,"Manie Sanchez",Queensbury,NY,2016-10-01,2,858.00,"Pure Cycles Vine 8-Speed - 2016","Cruisers Bicycles","Baldwin Bikes","Venita Daniel"
475,"Manie Sanchez",Queensbury,NY,2016-10-01,2,1199.98,"Electra Townie Original 7D EQ - 2016","Comfort Bicycles","Baldwin Bikes","Venita Daniel"
475,"Manie Sanchez",Queensbury,NY,2016-10-01,1,499.99,"Electra Townie Original 7D - 2015/2016","Comfort Bicycles","Baldwin Bikes","Venita Daniel"
476,"Basilia Thornton",Brentwood,NY,2016-10-01,2,539.98,"Electra Girl's Hawaii 1 (16-inch) - 2015/2016","Children Bicycles","Baldwin Bikes","Marcelene Boyer"
476,"Basilia Thornton",Brentwood,NY,2016-10-01,2,5799.98,"Trek Fuel EX 8 29 - 2016","Mountain Bikes","Baldwin Bikes","Marcelene Boyer"
476,"Basilia Thornton",Brentwood,NY,2016-10-01,2,3361.98,"Surly Straggler 650b - 2016","Cyclocross Bicycles","Baldwin Bikes","Marcelene Boyer"
476,"Basilia Thornton",Brentwood,NY,2016-10-01,2,1199.98,"Electra Townie Original 7D EQ - Women's - 2016","Cruisers Bicycles","Baldwin Bikes","Marcelene Boyer"
478,"Jayme Zamora","Springfield Gardens",NY,2016-10-02,2,539.98,"Electra Cruiser 1 (24-Inch) - 2016","Children Bicycles","Baldwin Bikes","Venita Daniel"
479,"Ivette Warren","Franklin Square",NY,2016-10-03,1,599.99,"Electra Townie Original 7D EQ - 2016","Comfort Bicycles","Baldwin Bikes","Marcelene Boyer"
479,"Ivette Warren","Franklin Square",NY,2016-10-03,1,549.99,"Electra Townie Original 21D - 2016","Cruisers Bicycles","Baldwin Bikes","Marcelene Boyer"
479,"Ivette Warren","Franklin Square",NY,2016-10-03,1,269.99,"Electra Cruiser 1 (24-Inch) - 2016","Children Bicycles","Baldwin Bikes","Marcelene Boyer"
479,"Ivette Warren","Franklin Square",NY,2016-10-03,1,3999.99,"Trek Slash 8 27.5 - 2016","Mountain Bikes","Baldwin Bikes","Marcelene Boyer"
479,"Ivette Warren","Franklin Square",NY,2016-10-03,1,1549.00,"Surly Straggler - 2016","Cyclocross Bicycles","Baldwin Bikes","Marcelene Boyer"
482,"Whitney Cash",Hamburg,NY,2016-10-05,1,269.99,"Electra Cruiser 1 (24-Inch) - 2016","Cruisers Bicycles","Baldwin Bikes","Marcelene Boyer"
482,"Whitney Cash",Hamburg,NY,2016-10-05,1,269.99,"Electra Girl's Hawaii 1 (16-inch) - 2015/2016","Cruisers Bicycles","Baldwin Bikes","Marcelene Boyer"
484,"Iola Rasmussen",Monroe,NY,2016-10-06,2,3599.98,"Trek Remedy 29 Carbon Frameset - 2016","Mountain Bikes","Baldwin Bikes","Venita Daniel"
484,"Iola Rasmussen",Monroe,NY,2016-10-06,1,549.99,"Electra Townie Original 21D - 2016","Comfort Bicycles","Baldwin Bikes","Venita Daniel"
484,"Iola Rasmussen",Monroe,NY,2016-10-06,2,5999.98,"Trek Conduit+ - 2016","Electric Bikes","Baldwin Bikes","Venita Daniel"
484,"Iola Rasmussen",Monroe,NY,2016-10-06,1,469.99,"Surly Ice Cream Truck Frameset - 2016","Mountain Bikes","Baldwin Bikes","Venita Daniel"
485,"Birdie Kramer",Troy,NY,2016-10-06,1,269.99,"Electra Cruiser 1 (24-Inch) - 2016","Cruisers Bicycles","Baldwin Bikes","Venita Daniel"
485,"Birdie Kramer",Troy,NY,2016-10-06,2,1199.98,"Electra Townie Original 7D EQ - 2016","Comfort Bicycles","Baldwin Bikes","Venita Daniel"
486,"Vinnie Chan","Forest Hills",NY,2016-10-06,1,2999.99,"Trek Conduit+ - 2016","Electric Bikes","Baldwin Bikes","Venita Daniel"
486,"Vinnie Chan","Forest Hills",NY,2016-10-06,2,599.98,"Electra Girl's Hawaii 1 (20-inch) - 2015/2016","Children Bicycles","Baldwin Bikes","Venita Daniel"
487,"George Pickett",Sunnyside,NY,2016-10-06,1,469.99,"Surly Ice Cream Truck Frameset - 2016","Mountain Bikes","Baldwin Bikes","Marcelene Boyer"
488,"Evelin Vargas",Webster,NY,2016-10-06,2,539.98,"Electra Cruiser 1 (24-Inch) - 2016","Cruisers Bicycles","Baldwin Bikes","Marcelene Boyer"
488,"Evelin Vargas",Webster,NY,2016-10-06,2,599.98,"Electra Girl's Hawaii 1 (20-inch) - 2015/2016","Children Bicycles","Baldwin Bikes","Marcelene Boyer"
488,"Evelin Vargas",Webster,NY,2016-10-06,1,269.99,"Electra Girl's Hawaii 1 (16-inch) - 2015/2016","Children Bicycles","Baldwin Bikes","Marcelene Boyer"
490,"Onita Macdonald","Glen Cove",NY,2016-10-07,1,549.99,"Electra Townie Original 21D - 2016","Cruisers Bicycles","Baldwin Bikes","Marcelene Boyer"
490,"Onita Macdonald","Glen Cove",NY,2016-10-07,1,299.99,"Electra Girl's Hawaii 1 (20-inch) - 2015/2016","Children Bicycles","Baldwin Bikes","Marcelene Boyer"
490,"Onita Macdonald","Glen Cove",NY,2016-10-07,1,269.99,"Electra Girl's Hawaii 1 (16-inch) - 2015/2016","Cruisers Bicycles","Baldwin Bikes","Marcelene Boyer"
490,"Onita Macdonald","Glen Cove",NY,2016-10-07,2,539.98,"Electra Cruiser 1 (24-Inch) - 2016","Cruisers Bicycles","Baldwin Bikes","Marcelene Boyer"
494,"Tanesha Sawyer",Rosedale,NY,2016-10-09,1,299.99,"Electra Girl's Hawaii 1 (20-inch) - 2015/2016","Children Bicycles","Baldwin Bikes","Marcelene Boyer"
496,"Ayanna Rhodes",Hicksville,NY,2016-10-10,1,299.99,"Electra Girl's Hawaii 1 (20-inch) - 2015/2016","Children Bicycles","Baldwin Bikes","Marcelene Boyer"
496,"Ayanna Rhodes",Hicksville,NY,2016-10-10,1,269.99,"Electra Cruiser 1 (24-Inch) - 2016","Cruisers Bicycles","Baldwin Bikes","Marcelene Boyer"
496,"Ayanna Rhodes",Hicksville,NY,2016-10-10,2,539.98,"Electra Cruiser 1 (24-Inch) - 2016","Children Bicycles","Baldwin Bikes","Marcelene Boyer"
497,"Kandis Mills",Hamburg,NY,2016-10-10,2,999.98,"Electra Townie Original 7D - 2015/2016","Comfort Bicycles","Baldwin Bikes","Marcelene Boyer"
498,"Divina Reeves",Newburgh,NY,2016-10-10,1,549.99,"Electra Townie Original 21D - 2016","Comfort Bicycles","Baldwin Bikes","Marcelene Boyer"
498,"Divina Reeves",Newburgh,NY,2016-10-10,1,269.99,"Electra Cruiser 1 (24-Inch) - 2016","Children Bicycles","Baldwin Bikes","Marcelene Boyer"
498,"Divina Reeves",Newburgh,NY,2016-10-10,1,1549.00,"Surly Straggler - 2016","Cyclocross Bicycles","Baldwin Bikes","Marcelene Boyer"
500,"Julee Woodard","Richmond Hill",NY,2016-10-11,2,1099.98,"Electra Townie Original 21D - 2016","Cruisers Bicycles","Baldwin Bikes","Marcelene Boyer"
500,"Julee Woodard","Richmond Hill",NY,2016-10-11,1,269.99,"Electra Girl's Hawaii 1 (16-inch) - 2015/2016","Cruisers Bicycles","Baldwin Bikes","Marcelene Boyer"
501,"Barton Cox",Amityville,NY,2016-10-11,2,898.00,"Pure Cycles William 3-Speed - 2016","Cruisers Bicycles","Baldwin Bikes","Venita Daniel"
501,"Barton Cox",Amityville,NY,2016-10-11,1,1799.99,"Trek Remedy 29 Carbon Frameset - 2016","Mountain Bikes","Baldwin Bikes","Venita Daniel"
501,"Barton Cox",Amityville,NY,2016-10-11,1,269.99,"Electra Girl's Hawaii 1 (16-inch) - 2015/2016","Cruisers Bicycles","Baldwin Bikes","Venita Daniel"
501,"Barton Cox",Amityville,NY,2016-10-11,2,599.98,"Electra Girl's Hawaii 1 (20-inch) - 2015/2016","Children Bicycles","Baldwin Bikes","Venita Daniel"
503,"Yvonne Bean","Wappingers Falls",NY,2016-10-13,2,539.98,"Electra Cruiser 1 (24-Inch) - 2016","Cruisers Bicycles","Baldwin Bikes","Marcelene Boyer"
503,"Yvonne Bean","Wappingers Falls",NY,2016-10-13,1,1549.00,"Surly Straggler - 2016","Cyclocross Bicycles","Baldwin Bikes","Marcelene Boyer"
505,"Erlinda Osborne","West Islip",NY,2016-10-14,1,599.99,"Electra Townie Original 7D EQ - 2016","Comfort Bicycles","Baldwin Bikes","Marcelene Boyer"
506,"Lory Berg",Oswego,NY,2016-10-14,1,499.99,"Electra Townie Original 7D - 2015/2016","Comfort Bicycles","Baldwin Bikes","Marcelene Boyer"
506,"Lory Berg",Oswego,NY,2016-10-14,1,3999.99,"Trek Slash 8 27.5 - 2016","Mountain Bikes","Baldwin Bikes","Marcelene Boyer"
508,"Octavia Donaldson",Levittown,NY,2016-10-15,1,1799.99,"Trek Remedy 29 Carbon Frameset - 2016","Mountain Bikes","Baldwin Bikes","Marcelene Boyer"
508,"Octavia Donaldson",Levittown,NY,2016-10-15,2,1499.98,"Ritchey Timberwolf Frameset - 2016","Mountain Bikes","Baldwin Bikes","Marcelene Boyer"
508,"Octavia Donaldson",Levittown,NY,2016-10-15,2,3098.00,"Surly Straggler - 2016","Cyclocross Bicycles","Baldwin Bikes","Marcelene Boyer"
508,"Octavia Donaldson",Levittown,NY,2016-10-15,1,499.99,"Electra Townie Original 7D - 2015/2016","Comfort Bicycles","Baldwin Bikes","Marcelene Boyer"
509,"Jeromy Elliott","Bay Shore",NY,2016-10-16,2,599.98,"Electra Girl's Hawaii 1 (20-inch) - 2015/2016","Children Bicycles","Baldwin Bikes","Venita Daniel"
509,"Jeromy Elliott","Bay Shore",NY,2016-10-16,2,5799.98,"Trek Fuel EX 8 29 - 2016","Mountain Bikes","Baldwin Bikes","Venita Daniel"
510,"Ulysses Gaines",Monsey,NY,2016-10-17,1,429.00,"Pure Cycles Vine 8-Speed - 2016","Cruisers Bicycles","Baldwin Bikes","Venita Daniel"
511,"Klara Mosley","Port Chester",NY,2016-10-18,2,539.98,"Electra Girl's Hawaii 1 (16-inch) - 2015/2016","Children Bicycles","Baldwin Bikes","Venita Daniel"
511,"Klara Mosley","Port Chester",NY,2016-10-18,1,269.99,"Electra Cruiser 1 (24-Inch) - 2016","Cruisers Bicycles","Baldwin Bikes","Venita Daniel"
512,"Jacquline Duncan","Jackson Heights",NY,2016-10-19,1,269.99,"Electra Cruiser 1 (24-Inch) - 2016","Children Bicycles","Baldwin Bikes","Venita Daniel"
513,"Lory Page","Bay Shore",NY,2016-10-19,1,3999.99,"Trek Slash 8 27.5 - 2016","Mountain Bikes","Baldwin Bikes","Marcelene Boyer"
513,"Lory Page","Bay Shore",NY,2016-10-19,1,269.99,"Electra Cruiser 1 (24-Inch) - 2016","Cruisers Bicycles","Baldwin Bikes","Marcelene Boyer"
513,"Lory Page","Bay Shore",NY,2016-10-19,1,299.99,"Electra Girl's Hawaii 1 (20-inch) - 2015/2016","Children Bicycles","Baldwin Bikes","Marcelene Boyer"
514,"Guillermo Hart","New York",NY,2016-10-19,2,898.00,"Pure Cycles Western 3-Speed - Women's - 2015/2016","Cruisers Bicycles","Baldwin Bikes","Venita Daniel"
514,"Guillermo Hart","New York",NY,2016-10-19,2,858.00,"Pure Cycles Vine 8-Speed - 2016","Cruisers Bicycles","Baldwin Bikes","Venita Daniel"
515,"Marcel Lindsay",Ossining,NY,2016-10-19,1,1799.99,"Trek Remedy 29 Carbon Frameset - 2016","Mountain Bikes","Baldwin Bikes","Marcelene Boyer"
515,"Marcel Lindsay",Ossining,NY,2016-10-19,1,1320.99,"Heller Shagamaw Frame - 2016","Mountain Bikes","Baldwin Bikes","Marcelene Boyer"
515,"Marcel Lindsay",Ossining,NY,2016-10-19,2,999.98,"Electra Townie Original 7D - 2015/2016","Comfort Bicycles","Baldwin Bikes","Marcelene Boyer"
515,"Marcel Lindsay",Ossining,NY,2016-10-19,2,939.98,"Surly Ice Cream Truck Frameset - 2016","Mountain Bikes","Baldwin Bikes","Marcelene Boyer"
516,"Shila White","Orchard Park",NY,2016-10-21,1,3999.99,"Trek Slash 8 27.5 - 2016","Mountain Bikes","Baldwin Bikes","Marcelene Boyer"
516,"Shila White","Orchard Park",NY,2016-10-21,2,2641.98,"Heller Shagamaw Frame - 2016","Mountain Bikes","Baldwin Bikes","Marcelene Boyer"
517,"Margene Eaton",Wantagh,NY,2016-10-21,2,539.98,"Electra Cruiser 1 (24-Inch) - 2016","Children Bicycles","Baldwin Bikes","Marcelene Boyer"
519,"Fran Yang",Utica,NY,2016-10-22,1,469.99,"Surly Ice Cream Truck Frameset - 2016","Mountain Bikes","Baldwin Bikes","Venita Daniel"
519,"Fran Yang",Utica,NY,2016-10-22,1,599.99,"Electra Townie Original 7D EQ - 2016","Cruisers Bicycles","Baldwin Bikes","Venita Daniel"
519,"Fran Yang",Utica,NY,2016-10-22,2,599.98,"Electra Girl's Hawaii 1 (20-inch) - 2015/2016","Children Bicycles","Baldwin Bikes","Venita Daniel"
519,"Fran Yang",Utica,NY,2016-10-22,2,898.00,"Pure Cycles Western 3-Speed - Women's - 2015/2016","Cruisers Bicycles","Baldwin Bikes","Venita Daniel"
519,"Fran Yang",Utica,NY,2016-10-22,1,3999.99,"Trek Slash 8 27.5 - 2016","Mountain Bikes","Baldwin Bikes","Venita Daniel"
520,"Ronald Parsons",Maspeth,NY,2016-10-23,1,599.99,"Electra Townie Original 7D EQ - 2016","Comfort Bicycles","Baldwin Bikes","Venita Daniel"
520,"Ronald Parsons",Maspeth,NY,2016-10-23,1,549.99,"Electra Townie Original 21D - 2016","Comfort Bicycles","Baldwin Bikes","Venita Daniel"
520,"Ronald Parsons",Maspeth,NY,2016-10-23,1,1549.00,"Surly Straggler - 2016","Cyclocross Bicycles","Baldwin Bikes","Venita Daniel"
521,"Augustus Schmidt",Corona,NY,2016-10-23,1,1320.99,"Heller Shagamaw Frame - 2016","Mountain Bikes","Baldwin Bikes","Marcelene Boyer"
521,"Augustus Schmidt",Corona,NY,2016-10-23,1,269.99,"Electra Girl's Hawaii 1 (16-inch) - 2015/2016","Cruisers Bicycles","Baldwin Bikes","Marcelene Boyer"
522,"Lois Steele",Ossining,NY,2016-10-23,2,5799.98,"Trek Fuel EX 8 29 - 2016","Mountain Bikes","Baldwin Bikes","Venita Daniel"
522,"Lois Steele",Ossining,NY,2016-10-23,2,539.98,"Electra Girl's Hawaii 1 (16-inch) - 2015/2016","Children Bicycles","Baldwin Bikes","Venita Daniel"
522,"Lois Steele",Ossining,NY,2016-10-23,1,269.99,"Electra Cruiser 1 (24-Inch) - 2016","Children Bicycles","Baldwin Bikes","Venita Daniel"
523,"Rebbecca Espinoza","Mount Vernon",NY,2016-10-24,1,549.99,"Electra Townie Original 21D - 2016","Cruisers Bicycles","Baldwin Bikes","Marcelene Boyer"
523,"Rebbecca Espinoza","Mount Vernon",NY,2016-10-24,1,599.99,"Electra Townie Original 7D EQ - Women's - 2016","Cruisers Bicycles","Baldwin Bikes","Marcelene Boyer"
523,"Rebbecca Espinoza","Mount Vernon",NY,2016-10-24,2,2641.98,"Heller Shagamaw Frame - 2016","Mountain Bikes","Baldwin Bikes","Marcelene Boyer"
523,"Rebbecca Espinoza","Mount Vernon",NY,2016-10-24,2,1199.98,"Electra Townie Original 7D EQ - 2016","Cruisers Bicycles","Baldwin Bikes","Marcelene Boyer"
526,"Tonda Webb",Baldwinsville,NY,2016-10-26,2,1999.98,"Surly Wednesday Frameset - 2016","Mountain Bikes","Baldwin Bikes","Marcelene Boyer"
526,"Tonda Webb",Baldwinsville,NY,2016-10-26,1,1799.99,"Trek Remedy 29 Carbon Frameset - 2016","Mountain Bikes","Baldwin Bikes","Marcelene Boyer"
526,"Tonda Webb",Baldwinsville,NY,2016-10-26,1,269.99,"Electra Cruiser 1 (24-Inch) - 2016","Children Bicycles","Baldwin Bikes","Marcelene Boyer"
526,"Tonda Webb",Baldwinsville,NY,2016-10-26,1,529.99,"Electra Moto 1 - 2016","Cruisers Bicycles","Baldwin Bikes","Marcelene Boyer"
528,"Gayle Wilkinson",Lindenhurst,NY,2016-10-28,2,539.98,"Electra Cruiser 1 (24-Inch) - 2016","Children Bicycles","Baldwin Bikes","Venita Daniel"
529,"Mandi Gibbs","East Elmhurst",NY,2016-10-28,2,1099.98,"Electra Townie Original 21D - 2016","Cruisers Bicycles","Baldwin Bikes","Venita Daniel"
530,"Yolando Wade",Massapequa,NY,2016-10-28,2,1499.98,"Ritchey Timberwolf Frameset - 2016","Mountain Bikes","Baldwin Bikes","Marcelene Boyer"
530,"Yolando Wade",Massapequa,NY,2016-10-28,1,2899.99,"Trek Fuel EX 8 29 - 2016","Mountain Bikes","Baldwin Bikes","Marcelene Boyer"
530,"Yolando Wade",Massapequa,NY,2016-10-28,2,939.98,"Surly Ice Cream Truck Frameset - 2016","Mountain Bikes","Baldwin Bikes","Marcelene Boyer"
532,"Zelda Pratt",Lancaster,NY,2016-10-29,2,858.00,"Pure Cycles Vine 8-Speed - 2016","Cruisers Bicycles","Baldwin Bikes","Venita Daniel"
532,"Zelda Pratt",Lancaster,NY,2016-10-29,2,1199.98,"Electra Townie Original 7D EQ - 2016","Cruisers Bicycles","Baldwin Bikes","Venita Daniel"
532,"Zelda Pratt",Lancaster,NY,2016-10-29,1,549.99,"Electra Townie Original 21D - 2016","Cruisers Bicycles","Baldwin Bikes","Venita Daniel"
533,"Ashleigh Finch",Newburgh,NY,2016-10-29,1,2899.99,"Trek Fuel EX 8 29 - 2016","Mountain Bikes","Baldwin Bikes","Marcelene Boyer"
533,"Ashleigh Finch",Newburgh,NY,2016-10-29,2,1099.98,"Electra Townie Original 21D - 2016","Cruisers Bicycles","Baldwin Bikes","Marcelene Boyer"
533,"Ashleigh Finch",Newburgh,NY,2016-10-29,1,1549.00,"Surly Straggler - 2016","Cyclocross Bicycles","Baldwin Bikes","Marcelene Boyer"
533,"Ashleigh Finch",Newburgh,NY,2016-10-29,1,499.99,"Electra Townie Original 7D - 2015/2016","Comfort Bicycles","Baldwin Bikes","Marcelene Boyer"
534,"Farrah Orr","New Hyde Park",NY,2016-10-29,2,539.98,"Electra Cruiser 1 (24-Inch) - 2016","Children Bicycles","Baldwin Bikes","Venita Daniel"
534,"Farrah Orr","New Hyde Park",NY,2016-10-29,2,5999.98,"Trek Conduit+ - 2016","Electric Bikes","Baldwin Bikes","Venita Daniel"
534,"Farrah Orr","New Hyde Park",NY,2016-10-29,1,749.99,"Ritchey Timberwolf Frameset - 2016","Mountain Bikes","Baldwin Bikes","Venita Daniel"
534,"Farrah Orr","New Hyde Park",NY,2016-10-29,2,1099.98,"Electra Townie Original 21D - 2016","Comfort Bicycles","Baldwin Bikes","Venita Daniel"
538,"Delana Scott","Mount Vernon",NY,2016-11-02,2,1499.98,"Ritchey Timberwolf Frameset - 2016","Mountain Bikes","Baldwin Bikes","Marcelene Boyer"
539,"Jewel Sparks","Oakland Gardens",NY,2016-11-02,2,5999.98,"Trek Conduit+ - 2016","Electric Bikes","Baldwin Bikes","Venita Daniel"
539,"Jewel Sparks","Oakland Gardens",NY,2016-11-02,1,299.99,"Electra Girl's Hawaii 1 (20-inch) - 2015/2016","Children Bicycles","Baldwin Bikes","Venita Daniel"
539,"Jewel Sparks","Oakland Gardens",NY,2016-11-02,2,539.98,"Electra Cruiser 1 (24-Inch) - 2016","Children Bicycles","Baldwin Bikes","Venita Daniel"
542,"Melani Jarvis",Maspeth,NY,2016-11-04,2,1199.98,"Electra Townie Original 7D EQ - 2016","Cruisers Bicycles","Baldwin Bikes","Venita Daniel"
542,"Melani Jarvis",Maspeth,NY,2016-11-04,1,2999.99,"Trek Conduit+ - 2016","Electric Bikes","Baldwin Bikes","Venita Daniel"
542,"Melani Jarvis",Maspeth,NY,2016-11-04,1,599.99,"Electra Townie Original 7D EQ - Women's - 2016","Cruisers Bicycles","Baldwin Bikes","Venita Daniel"
542,"Melani Jarvis",Maspeth,NY,2016-11-04,2,898.00,"Pure Cycles William 3-Speed - 2016","Cruisers Bicycles","Baldwin Bikes","Venita Daniel"
543,"Alica Hunter","East Elmhurst",NY,2016-11-06,1,499.99,"Electra Townie Original 7D - 2015/2016","Comfort Bicycles","Baldwin Bikes","Marcelene Boyer"
543,"Alica Hunter","East Elmhurst",NY,2016-11-06,1,449.00,"Pure Cycles Western 3-Speed - Women's - 2015/2016","Cruisers Bicycles","Baldwin Bikes","Marcelene Boyer"
543,"Alica Hunter","East Elmhurst",NY,2016-11-06,2,1199.98,"Electra Townie Original 7D EQ - 2016","Comfort Bicycles","Baldwin Bikes","Marcelene Boyer"
544,"Chere Hardin",Brooklyn,NY,2016-11-06,1,549.99,"Electra Townie Original 21D - 2016","Cruisers Bicycles","Baldwin Bikes","Venita Daniel"
544,"Chere Hardin",Brooklyn,NY,2016-11-06,1,429.00,"Pure Cycles Vine 8-Speed - 2016","Cruisers Bicycles","Baldwin Bikes","Venita Daniel"
544,"Chere Hardin",Brooklyn,NY,2016-11-06,1,269.99,"Electra Cruiser 1 (24-Inch) - 2016","Children Bicycles","Baldwin Bikes","Venita Daniel"
546,"Loise Walker",Shirley,NY,2016-11-09,2,858.00,"Pure Cycles Vine 8-Speed - 2016","Cruisers Bicycles","Baldwin Bikes","Venita Daniel"
546,"Loise Walker",Shirley,NY,2016-11-09,1,1799.99,"Trek Remedy 29 Carbon Frameset - 2016","Mountain Bikes","Baldwin Bikes","Venita Daniel"
546,"Loise Walker",Shirley,NY,2016-11-09,2,898.00,"Pure Cycles Western 3-Speed - Women's - 2015/2016","Cruisers Bicycles","Baldwin Bikes","Venita Daniel"
548,"Bobbi Banks",Bayside,NY,2016-11-11,1,1799.99,"Trek Remedy 29 Carbon Frameset - 2016","Mountain Bikes","Baldwin Bikes","Venita Daniel"
548,"Bobbi Banks",Bayside,NY,2016-11-11,2,3361.98,"Surly Straggler 650b - 2016","Cyclocross Bicycles","Baldwin Bikes","Venita Daniel"
550,"Alissa Craft",Ossining,NY,2016-11-12,1,2899.99,"Trek Fuel EX 8 29 - 2016","Mountain Bikes","Baldwin Bikes","Venita Daniel"
551,"Beatris Joyner","Spring Valley",NY,2016-11-12,1,599.99,"Electra Townie Original 7D EQ - 2016","Cruisers Bicycles","Baldwin Bikes","Marcelene Boyer"
551,"Beatris Joyner","Spring Valley",NY,2016-11-12,1,599.99,"Electra Townie Original 7D EQ - 2016","Comfort Bicycles","Baldwin Bikes","Marcelene Boyer"
551,"Beatris Joyner","Spring Valley",NY,2016-11-12,2,3361.98,"Surly Straggler 650b - 2016","Cyclocross Bicycles","Baldwin Bikes","Marcelene Boyer"
551,"Beatris Joyner","Spring Valley",NY,2016-11-12,2,1059.98,"Electra Moto 1 - 2016","Cruisers Bicycles","Baldwin Bikes","Marcelene Boyer"
552,"Alexis Mack","New City",NY,2016-11-12,1,299.99,"Electra Girl's Hawaii 1 (20-inch) - 2015/2016","Children Bicycles","Baldwin Bikes","Venita Daniel"
552,"Alexis Mack","New City",NY,2016-11-12,1,749.99,"Ritchey Timberwolf Frameset - 2016","Mountain Bikes","Baldwin Bikes","Venita Daniel"
552,"Alexis Mack","New City",NY,2016-11-12,1,549.99,"Electra Townie Original 21D - 2016","Comfort Bicycles","Baldwin Bikes","Venita Daniel"
552,"Alexis Mack","New City",NY,2016-11-12,1,449.00,"Pure Cycles Western 3-Speed - Women's - 2015/2016","Cruisers Bicycles","Baldwin Bikes","Venita Daniel"
552,"Alexis Mack","New City",NY,2016-11-12,2,898.00,"Pure Cycles William 3-Speed - 2016","Cruisers Bicycles","Baldwin Bikes","Venita Daniel"
555,"Buford Bridges",Troy,NY,2016-11-13,1,1799.99,"Trek Remedy 29 Carbon Frameset - 2016","Mountain Bikes","Baldwin Bikes","Venita Daniel"
555,"Buford Bridges",Troy,NY,2016-11-13,1,3999.99,"Trek Slash 8 27.5 - 2016","Mountain Bikes","Baldwin Bikes","Venita Daniel"
555,"Buford Bridges",Troy,NY,2016-11-13,2,1199.98,"Electra Townie Original 7D EQ - Women's - 2016","Cruisers Bicycles","Baldwin Bikes","Venita Daniel"
557,"Bethany Herring","Port Jefferson Station",NY,2016-11-14,2,5999.98,"Trek Conduit+ - 2016","Electric Bikes","Baldwin Bikes","Marcelene Boyer"
557,"Bethany Herring","Port Jefferson Station",NY,2016-11-14,1,1549.00,"Surly Straggler - 2016","Cyclocross Bicycles","Baldwin Bikes","Marcelene Boyer"
558,"Lezlie Lamb","Central Islip",NY,2016-11-15,1,3999.99,"Trek Slash 8 27.5 - 2016","Mountain Bikes","Baldwin Bikes","Venita Daniel"
558,"Lezlie Lamb","Central Islip",NY,2016-11-15,1,599.99,"Electra Townie Original 7D EQ - 2016","Cruisers Bicycles","Baldwin Bikes","Venita Daniel"
558,"Lezlie Lamb","Central Islip",NY,2016-11-15,1,2999.99,"Trek Conduit+ - 2016","Electric Bikes","Baldwin Bikes","Venita Daniel"
558,"Lezlie Lamb","Central Islip",NY,2016-11-15,2,539.98,"Electra Cruiser 1 (24-Inch) - 2016","Children Bicycles","Baldwin Bikes","Venita Daniel"
558,"Lezlie Lamb","Central Islip",NY,2016-11-15,2,3098.00,"Surly Straggler - 2016","Cyclocross Bicycles","Baldwin Bikes","Venita Daniel"
560,"Thanh Figueroa","Mount Vernon",NY,2016-11-18,1,599.99,"Electra Townie Original 7D EQ - 2016","Cruisers Bicycles","Baldwin Bikes","Marcelene Boyer"
560,"Thanh Figueroa","Mount Vernon",NY,2016-11-18,2,1199.98,"Electra Townie Original 7D EQ - 2016","Comfort Bicycles","Baldwin Bikes","Marcelene Boyer"
561,"Marjorie Logan","Franklin Square",NY,2016-11-19,2,1059.98,"Electra Moto 1 - 2016","Cruisers Bicycles","Baldwin Bikes","Marcelene Boyer"
561,"Marjorie Logan","Franklin Square",NY,2016-11-19,1,449.00,"Pure Cycles Western 3-Speed - Women's - 2015/2016","Cruisers Bicycles","Baldwin Bikes","Marcelene Boyer"
561,"Marjorie Logan","Franklin Square",NY,2016-11-19,1,1320.99,"Heller Shagamaw Frame - 2016","Mountain Bikes","Baldwin Bikes","Marcelene Boyer"
561,"Marjorie Logan","Franklin Square",NY,2016-11-19,2,858.00,"Pure Cycles Vine 8-Speed - 2016","Cruisers Bicycles","Baldwin Bikes","Marcelene Boyer"
562,"Davis Long",Lancaster,NY,2016-11-19,2,999.98,"Electra Townie Original 7D - 2015/2016","Comfort Bicycles","Baldwin Bikes","Venita Daniel"
562,"Davis Long",Lancaster,NY,2016-11-19,1,599.99,"Electra Townie Original 7D EQ - 2016","Comfort Bicycles","Baldwin Bikes","Venita Daniel"
563,"Rodger Rojas",Bayside,NY,2016-11-20,2,939.98,"Surly Ice Cream Truck Frameset - 2016","Mountain Bikes","Baldwin Bikes","Marcelene Boyer"
563,"Rodger Rojas",Bayside,NY,2016-11-20,1,449.00,"Pure Cycles William 3-Speed - 2016","Cruisers Bicycles","Baldwin Bikes","Marcelene Boyer"
563,"Rodger Rojas",Bayside,NY,2016-11-20,2,539.98,"Electra Cruiser 1 (24-Inch) - 2016","Cruisers Bicycles","Baldwin Bikes","Marcelene Boyer"
564,"Aisha Woods",Webster,NY,2016-11-20,1,2899.99,"Trek Fuel EX 8 29 - 2016","Mountain Bikes","Baldwin Bikes","Venita Daniel"
564,"Aisha Woods",Webster,NY,2016-11-20,1,529.99,"Electra Moto 1 - 2016","Cruisers Bicycles","Baldwin Bikes","Venita Daniel"
565,"Nathaniel Richard","New Windsor",NY,2016-11-21,1,449.00,"Pure Cycles Western 3-Speed - Women's - 2015/2016","Cruisers Bicycles","Baldwin Bikes","Venita Daniel"
565,"Nathaniel Richard","New Windsor",NY,2016-11-21,2,999.98,"Electra Townie Original 7D - 2015/2016","Comfort Bicycles","Baldwin Bikes","Venita Daniel"
565,"Nathaniel Richard","New Windsor",NY,2016-11-21,1,2999.99,"Trek Conduit+ - 2016","Electric Bikes","Baldwin Bikes","Venita Daniel"
565,"Nathaniel Richard","New Windsor",NY,2016-11-21,1,429.00,"Pure Cycles Vine 8-Speed - 2016","Cruisers Bicycles","Baldwin Bikes","Venita Daniel"
569,"Terese Briggs",Woodside,NY,2016-11-23,1,599.99,"Electra Townie Original 7D EQ - 2016","Cruisers Bicycles","Baldwin Bikes","Marcelene Boyer"
569,"Terese Briggs",Woodside,NY,2016-11-23,2,1099.98,"Electra Townie Original 21D - 2016","Comfort Bicycles","Baldwin Bikes","Marcelene Boyer"
570,"Loreen Byers","South Ozone Park",NY,2016-11-23,1,449.00,"Pure Cycles Western 3-Speed - Women's - 2015/2016","Cruisers Bicycles","Baldwin Bikes","Marcelene Boyer"
570,"Loreen Byers","South Ozone Park",NY,2016-11-23,2,1099.98,"Electra Townie Original 21D - 2016","Comfort Bicycles","Baldwin Bikes","Marcelene Boyer"
570,"Loreen Byers","South Ozone Park",NY,2016-11-23,2,1999.98,"Surly Wednesday Frameset - 2016","Mountain Bikes","Baldwin Bikes","Marcelene Boyer"
570,"Loreen Byers","South Ozone Park",NY,2016-11-23,1,1680.99,"Surly Straggler 650b - 2016","Cyclocross Bicycles","Baldwin Bikes","Marcelene Boyer"
570,"Loreen Byers","South Ozone Park",NY,2016-11-23,1,599.99,"Electra Townie Original 7D EQ - 2016","Cruisers Bicycles","Baldwin Bikes","Marcelene Boyer"
572,"Genoveva Tyler","New York",NY,2016-11-24,1,999.99,"Surly Wednesday Frameset - 2016","Mountain Bikes","Baldwin Bikes","Marcelene Boyer"
572,"Genoveva Tyler","New York",NY,2016-11-24,2,539.98,"Electra Cruiser 1 (24-Inch) - 2016","Cruisers Bicycles","Baldwin Bikes","Marcelene Boyer"
572,"Genoveva Tyler","New York",NY,2016-11-24,2,3361.98,"Surly Straggler 650b - 2016","Cyclocross Bicycles","Baldwin Bikes","Marcelene Boyer"
573,"Johna Powers","Deer Park",NY,2016-11-24,1,749.99,"Ritchey Timberwolf Frameset - 2016","Mountain Bikes","Baldwin Bikes","Marcelene Boyer"
574,"Leone Emerson",Whitestone,NY,2016-11-26,1,599.99,"Electra Townie Original 7D EQ - 2016","Comfort Bicycles","Baldwin Bikes","Venita Daniel"
574,"Leone Emerson",Whitestone,NY,2016-11-26,2,539.98,"Electra Cruiser 1 (24-Inch) - 2016","Cruisers Bicycles","Baldwin Bikes","Venita Daniel"
574,"Leone Emerson",Whitestone,NY,2016-11-26,2,1099.98,"Electra Townie Original 21D - 2016","Cruisers Bicycles","Baldwin Bikes","Venita Daniel"
574,"Leone Emerson",Whitestone,NY,2016-11-26,2,599.98,"Electra Girl's Hawaii 1 (20-inch) - 2015/2016","Children Bicycles","Baldwin Bikes","Venita Daniel"
574,"Leone Emerson",Whitestone,NY,2016-11-26,2,3361.98,"Surly Straggler 650b - 2016","Cyclocross Bicycles","Baldwin Bikes","Venita Daniel"
577,"Earline Ballard","Mount Vernon",NY,2016-11-27,2,1999.98,"Surly Wednesday Frameset - 2016","Mountain Bikes","Baldwin Bikes","Marcelene Boyer"
578,"Yahaira Robertson",Endicott,NY,2016-11-27,1,269.99,"Electra Cruiser 1 (24-Inch) - 2016","Children Bicycles","Baldwin Bikes","Venita Daniel"
578,"Yahaira Robertson",Endicott,NY,2016-11-27,2,999.98,"Electra Townie Original 7D - 2015/2016","Comfort Bicycles","Baldwin Bikes","Venita Daniel"
578,"Yahaira Robertson",Endicott,NY,2016-11-27,2,898.00,"Pure Cycles Western 3-Speed - Women's - 2015/2016","Cruisers Bicycles","Baldwin Bikes","Venita Daniel"
578,"Yahaira Robertson",Endicott,NY,2016-11-27,2,3599.98,"Trek Remedy 29 Carbon Frameset - 2016","Mountain Bikes","Baldwin Bikes","Venita Daniel"
583,"Edgar Horn","West Babylon",NY,2016-12-04,2,1059.98,"Electra Moto 1 - 2016","Cruisers Bicycles","Baldwin Bikes","Venita Daniel"
584,"Deandrea Cox",Huntington,NY,2016-12-04,1,449.00,"Pure Cycles William 3-Speed - 2016","Cruisers Bicycles","Baldwin Bikes","Venita Daniel"
584,"Deandrea Cox",Huntington,NY,2016-12-04,1,299.99,"Electra Girl's Hawaii 1 (20-inch) - 2015/2016","Children Bicycles","Baldwin Bikes","Venita Daniel"
584,"Deandrea Cox",Huntington,NY,2016-12-04,1,529.99,"Electra Moto 1 - 2016","Cruisers Bicycles","Baldwin Bikes","Venita Daniel"
584,"Deandrea Cox",Huntington,NY,2016-12-04,1,269.99,"Electra Girl's Hawaii 1 (16-inch) - 2015/2016","Children Bicycles","Baldwin Bikes","Venita Daniel"
584,"Deandrea Cox",Huntington,NY,2016-12-04,2,3599.98,"Trek Remedy 29 Carbon Frameset - 2016","Mountain Bikes","Baldwin Bikes","Venita Daniel"
585,"Alden Atkinson",Shirley,NY,2016-12-04,1,1549.00,"Surly Straggler - 2016","Cyclocross Bicycles","Baldwin Bikes","Venita Daniel"
585,"Alden Atkinson",Shirley,NY,2016-12-04,2,898.00,"Pure Cycles Western 3-Speed - Women's - 2015/2016","Cruisers Bicycles","Baldwin Bikes","Venita Daniel"
585,"Alden Atkinson",Shirley,NY,2016-12-04,1,529.99,"Electra Moto 1 - 2016","Cruisers Bicycles","Baldwin Bikes","Venita Daniel"
585,"Alden Atkinson",Shirley,NY,2016-12-04,2,1099.98,"Electra Townie Original 21D - 2016","Cruisers Bicycles","Baldwin Bikes","Venita Daniel"
586,"America Swanson",Webster,NY,2016-12-04,2,3361.98,"Surly Straggler 650b - 2016","Cyclocross Bicycles","Baldwin Bikes","Marcelene Boyer"
586,"America Swanson",Webster,NY,2016-12-04,2,599.98,"Electra Girl's Hawaii 1 (20-inch) - 2015/2016","Children Bicycles","Baldwin Bikes","Marcelene Boyer"
588,"Marisol Goodman",Canandaigua,NY,2016-12-06,2,3098.00,"Surly Straggler - 2016","Cyclocross Bicycles","Baldwin Bikes","Venita Daniel"
588,"Marisol Goodman",Canandaigua,NY,2016-12-06,1,299.99,"Electra Girl's Hawaii 1 (20-inch) - 2015/2016","Children Bicycles","Baldwin Bikes","Venita Daniel"
589,"Nicki Fry",Endicott,NY,2016-12-06,2,1059.98,"Electra Moto 1 - 2016","Cruisers Bicycles","Baldwin Bikes","Venita Daniel"
590,"Casimira Chapman",Monroe,NY,2016-12-06,2,1499.98,"Ritchey Timberwolf Frameset - 2016","Mountain Bikes","Baldwin Bikes","Venita Daniel"
590,"Casimira Chapman",Monroe,NY,2016-12-06,1,599.99,"Electra Townie Original 7D EQ - Women's - 2016","Cruisers Bicycles","Baldwin Bikes","Venita Daniel"
590,"Casimira Chapman",Monroe,NY,2016-12-06,2,3599.98,"Trek Remedy 29 Carbon Frameset - 2016","Mountain Bikes","Baldwin Bikes","Venita Daniel"
590,"Casimira Chapman",Monroe,NY,2016-12-06,2,2641.98,"Heller Shagamaw Frame - 2016","Mountain Bikes","Baldwin Bikes","Venita Daniel"
590,"Casimira Chapman",Monroe,NY,2016-12-06,1,549.99,"Electra Townie Original 21D - 2016","Comfort Bicycles","Baldwin Bikes","Venita Daniel"
591,"Brenton Whitaker","Niagara Falls",NY,2016-12-06,2,1199.98,"Electra Townie Original 7D EQ - 2016","Cruisers Bicycles","Baldwin Bikes","Venita Daniel"
591,"Brenton Whitaker","Niagara Falls",NY,2016-12-06,2,999.98,"Electra Townie Original 7D - 2015/2016","Comfort Bicycles","Baldwin Bikes","Venita Daniel"
591,"Brenton Whitaker","Niagara Falls",NY,2016-12-06,2,1499.98,"Ritchey Timberwolf Frameset - 2016","Mountain Bikes","Baldwin Bikes","Venita Daniel"
592,"Jong Guthrie",Bethpage,NY,2016-12-06,2,539.98,"Electra Cruiser 1 (24-Inch) - 2016","Children Bicycles","Baldwin Bikes","Venita Daniel"
592,"Jong Guthrie",Bethpage,NY,2016-12-06,1,599.99,"Electra Townie Original 7D EQ - 2016","Cruisers Bicycles","Baldwin Bikes","Venita Daniel"
592,"Jong Guthrie",Bethpage,NY,2016-12-06,2,898.00,"Pure Cycles Western 3-Speed - Women's - 2015/2016","Cruisers Bicycles","Baldwin Bikes","Venita Daniel"
597,"Shasta Combs","Yorktown Heights",NY,2016-12-08,2,858.00,"Pure Cycles Vine 8-Speed - 2016","Cruisers Bicycles","Baldwin Bikes","Marcelene Boyer"
597,"Shasta Combs","Yorktown Heights",NY,2016-12-08,1,1799.99,"Trek Remedy 29 Carbon Frameset - 2016","Mountain Bikes","Baldwin Bikes","Marcelene Boyer"
599,"Debra Burks","Orchard Park",NY,2016-12-09,2,5999.98,"Trek Conduit+ - 2016","Electric Bikes","Baldwin Bikes","Marcelene Boyer"
599,"Debra Burks","Orchard Park",NY,2016-12-09,2,539.98,"Electra Girl's Hawaii 1 (16-inch) - 2015/2016","Children Bicycles","Baldwin Bikes","Marcelene Boyer"
599,"Debra Burks","Orchard Park",NY,2016-12-09,1,299.99,"Electra Girl's Hawaii 1 (20-inch) - 2015/2016","Children Bicycles","Baldwin Bikes","Marcelene Boyer"
599,"Debra Burks","Orchard Park",NY,2016-12-09,2,3098.00,"Surly Straggler - 2016","Cyclocross Bicycles","Baldwin Bikes","Marcelene Boyer"
600,"Sharika Colon","Long Beach",NY,2016-12-09,2,1199.98,"Electra Townie Original 7D EQ - 2016","Comfort Bicycles","Baldwin Bikes","Venita Daniel"
600,"Sharika Colon","Long Beach",NY,2016-12-09,1,2899.99,"Trek Fuel EX 8 29 - 2016","Mountain Bikes","Baldwin Bikes","Venita Daniel"
600,"Sharika Colon","Long Beach",NY,2016-12-09,2,898.00,"Pure Cycles Western 3-Speed - Women's - 2015/2016","Cruisers Bicycles","Baldwin Bikes","Venita Daniel"
601,"Amparo Burks",Merrick,NY,2016-12-09,2,1099.98,"Electra Townie Original 21D - 2016","Cruisers Bicycles","Baldwin Bikes","Marcelene Boyer"
602,"Tina Bush",Maspeth,NY,2016-12-09,2,1059.98,"Electra Moto 1 - 2016","Cruisers Bicycles","Baldwin Bikes","Marcelene Boyer"
602,"Tina Bush",Maspeth,NY,2016-12-09,2,2641.98,"Heller Shagamaw Frame - 2016","Mountain Bikes","Baldwin Bikes","Marcelene Boyer"
603,"Vernon Knowles","Huntington Station",NY,2016-12-09,1,549.99,"Electra Townie Original 21D - 2016","Cruisers Bicycles","Baldwin Bikes","Venita Daniel"
603,"Vernon Knowles","Huntington Station",NY,2016-12-09,1,2899.99,"Trek Fuel EX 8 29 - 2016","Mountain Bikes","Baldwin Bikes","Venita Daniel"
604,"Floretta Higgins",Bayside,NY,2016-12-10,2,3098.00,"Surly Straggler - 2016","Cyclocross Bicycles","Baldwin Bikes","Venita Daniel"
604,"Floretta Higgins",Bayside,NY,2016-12-10,2,5999.98,"Trek Conduit+ - 2016","Electric Bikes","Baldwin Bikes","Venita Daniel"
605,"Leila Barr",Carmel,NY,2016-12-10,1,449.00,"Pure Cycles William 3-Speed - 2016","Cruisers Bicycles","Baldwin Bikes","Marcelene Boyer"
605,"Leila Barr",Carmel,NY,2016-12-10,2,999.98,"Electra Townie Original 7D - 2015/2016","Comfort Bicycles","Baldwin Bikes","Marcelene Boyer"
605,"Leila Barr",Carmel,NY,2016-12-10,2,539.98,"Electra Cruiser 1 (24-Inch) - 2016","Cruisers Bicycles","Baldwin Bikes","Marcelene Boyer"
605,"Leila Barr",Carmel,NY,2016-12-10,1,1680.99,"Surly Straggler 650b - 2016","Cyclocross Bicycles","Baldwin Bikes","Marcelene Boyer"
606,"Georgetta Hardin",Canandaigua,NY,2016-12-11,2,939.98,"Surly Ice Cream Truck Frameset - 2016","Mountain Bikes","Baldwin Bikes","Venita Daniel"
606,"Georgetta Hardin",Canandaigua,NY,2016-12-11,2,898.00,"Pure Cycles Western 3-Speed - Women's - 2015/2016","Cruisers Bicycles","Baldwin Bikes","Venita Daniel"
607,"Anderson Martin",Canandaigua,NY,2016-12-11,2,3361.98,"Surly Straggler 650b - 2016","Cyclocross Bicycles","Baldwin Bikes","Marcelene Boyer"
607,"Anderson Martin",Canandaigua,NY,2016-12-11,2,1199.98,"Electra Townie Original 7D EQ - 2016","Comfort Bicycles","Baldwin Bikes","Marcelene Boyer"
607,"Anderson Martin",Canandaigua,NY,2016-12-11,1,269.99,"Electra Girl's Hawaii 1 (16-inch) - 2015/2016","Cruisers Bicycles","Baldwin Bikes","Marcelene Boyer"
609,"Stefani Gamble","New City",NY,2016-12-12,1,1549.00,"Surly Straggler - 2016","Cyclocross Bicycles","Baldwin Bikes","Venita Daniel"
609,"Stefani Gamble","New City",NY,2016-12-12,1,3999.99,"Trek Slash 8 27.5 - 2016","Mountain Bikes","Baldwin Bikes","Venita Daniel"
609,"Stefani Gamble","New City",NY,2016-12-12,2,539.98,"Electra Girl's Hawaii 1 (16-inch) - 2015/2016","Children Bicycles","Baldwin Bikes","Venita Daniel"
609,"Stefani Gamble","New City",NY,2016-12-12,1,1320.99,"Heller Shagamaw Frame - 2016","Mountain Bikes","Baldwin Bikes","Venita Daniel"
610,"Jovita Bishop","Staten Island",NY,2016-12-13,1,599.99,"Electra Townie Original 7D EQ - 2016","Comfort Bicycles","Baldwin Bikes","Marcelene Boyer"
610,"Jovita Bishop","Staten Island",NY,2016-12-13,1,549.99,"Electra Townie Original 21D - 2016","Comfort Bicycles","Baldwin Bikes","Marcelene Boyer"
610,"Jovita Bishop","Staten Island",NY,2016-12-13,2,898.00,"Pure Cycles Western 3-Speed - Women's - 2015/2016","Cruisers Bicycles","Baldwin Bikes","Marcelene Boyer"
610,"Jovita Bishop","Staten Island",NY,2016-12-13,1,999.99,"Surly Wednesday Frameset - 2016","Mountain Bikes","Baldwin Bikes","Marcelene Boyer"
610,"Jovita Bishop","Staten Island",NY,2016-12-13,1,1799.99,"Trek Remedy 29 Carbon Frameset - 2016","Mountain Bikes","Baldwin Bikes","Marcelene Boyer"
611,"Leeanne Cross",Bayside,NY,2016-12-15,2,1199.98,"Electra Townie Original 7D EQ - 2016","Cruisers Bicycles","Baldwin Bikes","Venita Daniel"
612,"Taylor Cole",Carmel,NY,2016-12-16,1,269.99,"Electra Cruiser 1 (24-Inch) - 2016","Cruisers Bicycles","Baldwin Bikes","Venita Daniel"
612,"Taylor Cole",Carmel,NY,2016-12-16,1,269.99,"Electra Girl's Hawaii 1 (16-inch) - 2015/2016","Cruisers Bicycles","Baldwin Bikes","Venita Daniel"
612,"Taylor Cole",Carmel,NY,2016-12-16,1,429.00,"Pure Cycles Vine 8-Speed - 2016","Cruisers Bicycles","Baldwin Bikes","Venita Daniel"
612,"Taylor Cole",Carmel,NY,2016-12-16,1,599.99,"Electra Townie Original 7D EQ - Women's - 2016","Cruisers Bicycles","Baldwin Bikes","Venita Daniel"
613,"Charlene Norris",Syosset,NY,2016-12-17,2,5999.98,"Trek Conduit+ - 2016","Electric Bikes","Baldwin Bikes","Venita Daniel"
613,"Charlene Norris",Syosset,NY,2016-12-17,2,898.00,"Pure Cycles Western 3-Speed - Women's - 2015/2016","Cruisers Bicycles","Baldwin Bikes","Venita Daniel"
613,"Charlene Norris",Syosset,NY,2016-12-17,1,549.99,"Electra Townie Original 21D - 2016","Cruisers Bicycles","Baldwin Bikes","Venita Daniel"
616,"Ivette Estes",Canandaigua,NY,2016-12-20,1,549.99,"Electra Townie Original 21D - 2016","Comfort Bicycles","Baldwin Bikes","Marcelene Boyer"
616,"Ivette Estes",Canandaigua,NY,2016-12-20,2,1199.98,"Electra Townie Original 7D EQ - 2016","Cruisers Bicycles","Baldwin Bikes","Marcelene Boyer"
617,"Le Wood",Pittsford,NY,2016-12-21,2,1059.98,"Electra Moto 1 - 2016","Cruisers Bicycles","Baldwin Bikes","Venita Daniel"
617,"Le Wood",Pittsford,NY,2016-12-21,2,3361.98,"Surly Straggler 650b - 2016","Cyclocross Bicycles","Baldwin Bikes","Venita Daniel"
618,"Tanesha Hampton",Syosset,NY,2016-12-21,2,858.00,"Pure Cycles Vine 8-Speed - 2016","Cruisers Bicycles","Baldwin Bikes","Marcelene Boyer"
618,"Tanesha Hampton",Syosset,NY,2016-12-21,1,1680.99,"Surly Straggler 650b - 2016","Cyclocross Bicycles","Baldwin Bikes","Marcelene Boyer"
619,"Terese Palmer","Bay Shore",NY,2016-12-22,1,499.99,"Electra Townie Original 7D - 2015/2016","Comfort Bicycles","Baldwin Bikes","Venita Daniel"
620,"Collen Hayes",Smithtown,NY,2016-12-22,2,2641.98,"Heller Shagamaw Frame - 2016","Mountain Bikes","Baldwin Bikes","Marcelene Boyer"
621,"Anton Barton",Buffalo,NY,2016-12-23,2,858.00,"Pure Cycles Vine 8-Speed - 2016","Cruisers Bicycles","Baldwin Bikes","Marcelene Boyer"
622,"Nevada Hood","Hopewell Junction",NY,2016-12-23,2,5999.98,"Trek Conduit+ - 2016","Electric Bikes","Baldwin Bikes","Venita Daniel"
622,"Nevada Hood","Hopewell Junction",NY,2016-12-23,1,449.00,"Pure Cycles Western 3-Speed - Women's - 2015/2016","Cruisers Bicycles","Baldwin Bikes","Venita Daniel"
622,"Nevada Hood","Hopewell Junction",NY,2016-12-23,1,1549.00,"Surly Straggler - 2016","Cyclocross Bicycles","Baldwin Bikes","Venita Daniel"
622,"Nevada Hood","Hopewell Junction",NY,2016-12-23,1,499.99,"Electra Townie Original 7D - 2015/2016","Comfort Bicycles","Baldwin Bikes","Venita Daniel"
623,"Myron Johns",Whitestone,NY,2016-12-24,1,1799.99,"Trek Remedy 29 Carbon Frameset - 2016","Mountain Bikes","Baldwin Bikes","Marcelene Boyer"
624,"Ghislaine Compton",Lindenhurst,NY,2016-12-24,2,539.98,"Electra Cruiser 1 (24-Inch) - 2016","Children Bicycles","Baldwin Bikes","Marcelene Boyer"
624,"Ghislaine Compton",Lindenhurst,NY,2016-12-24,1,599.99,"Electra Townie Original 7D EQ - 2016","Cruisers Bicycles","Baldwin Bikes","Marcelene Boyer"
624,"Ghislaine Compton",Lindenhurst,NY,2016-12-24,1,269.99,"Electra Girl's Hawaii 1 (16-inch) - 2015/2016","Children Bicycles","Baldwin Bikes","Marcelene Boyer"
624,"Ghislaine Compton",Lindenhurst,NY,2016-12-24,2,539.98,"Electra Girl's Hawaii 1 (16-inch) - 2015/2016","Cruisers Bicycles","Baldwin Bikes","Marcelene Boyer"
626,"Wes Stanton",Troy,NY,2016-12-25,1,529.99,"Electra Moto 1 - 2016","Cruisers Bicycles","Baldwin Bikes","Venita Daniel"
627,"Tora Dunlap",Monsey,NY,2016-12-25,1,449.00,"Pure Cycles William 3-Speed - 2016","Cruisers Bicycles","Baldwin Bikes","Marcelene Boyer"
627,"Tora Dunlap",Monsey,NY,2016-12-25,2,5999.98,"Trek Conduit+ - 2016","Electric Bikes","Baldwin Bikes","Marcelene Boyer"
627,"Tora Dunlap",Monsey,NY,2016-12-25,1,599.99,"Electra Townie Original 7D EQ - 2016","Comfort Bicycles","Baldwin Bikes","Marcelene Boyer"
630,"Loyce Conway","Central Islip",NY,2016-12-26,1,1320.99,"Heller Shagamaw Frame - 2016","Mountain Bikes","Baldwin Bikes","Marcelene Boyer"
630,"Loyce Conway","Central Islip",NY,2016-12-26,1,499.99,"Electra Townie Original 7D - 2015/2016","Comfort Bicycles","Baldwin Bikes","Marcelene Boyer"
630,"Loyce Conway","Central Islip",NY,2016-12-26,2,898.00,"Pure Cycles Western 3-Speed - Women's - 2015/2016","Cruisers Bicycles","Baldwin Bikes","Marcelene Boyer"
630,"Loyce Conway","Central Islip",NY,2016-12-26,2,539.98,"Electra Cruiser 1 (24-Inch) - 2016","Children Bicycles","Baldwin Bikes","Marcelene Boyer"
632,"Margert Stevens",Rome,NY,2016-12-27,1,499.99,"Electra Townie Original 7D - 2015/2016","Comfort Bicycles","Baldwin Bikes","Venita Daniel"
632,"Margert Stevens",Rome,NY,2016-12-27,2,3361.98,"Surly Straggler 650b - 2016","Cyclocross Bicycles","Baldwin Bikes","Venita Daniel"
632,"Margert Stevens",Rome,NY,2016-12-27,1,529.99,"Electra Moto 1 - 2016","Cruisers Bicycles","Baldwin Bikes","Venita Daniel"
632,"Margert Stevens",Rome,NY,2016-12-27,1,469.99,"Surly Ice Cream Truck Frameset - 2016","Mountain Bikes","Baldwin Bikes","Venita Daniel"
632,"Margert Stevens",Rome,NY,2016-12-27,2,539.98,"Electra Girl's Hawaii 1 (16-inch) - 2015/2016","Children Bicycles","Baldwin Bikes","Venita Daniel"
634,"Santos Valencia",Sunnyside,NY,2016-12-29,2,5799.98,"Trek Fuel EX 8 29 - 2016","Mountain Bikes","Baldwin Bikes","Marcelene Boyer"
634,"Santos Valencia",Sunnyside,NY,2016-12-29,1,549.99,"Electra Townie Original 21D - 2016","Cruisers Bicycles","Baldwin Bikes","Marcelene Boyer"
635,"Andreas Herman","Mount Vernon",NY,2016-12-30,1,2899.99,"Trek Fuel EX 8 29 - 2016","Mountain Bikes","Baldwin Bikes","Marcelene Boyer"
637,"Hee Greer",Selden,NY,2017-01-03,1,2999.99,"Trek Conduit+ - 2016","Electric Bikes","Baldwin Bikes","Marcelene Boyer"
637,"Hee Greer",Selden,NY,2017-01-03,2,899.98,"Sun Bicycles Cruz 3 - 2017","Comfort Bicycles","Baldwin Bikes","Marcelene Boyer"
638,"Verda Gilbert","East Northport",NY,2017-01-04,1,551.99,"Sun Bicycles Streamway 3 - 2017","Comfort Bicycles","Baldwin Bikes","Venita Daniel"
638,"Verda Gilbert","East Northport",NY,2017-01-04,1,5499.99,"Trek Domane SLR 6 Disc - 2017","Road Bikes","Baldwin Bikes","Venita Daniel"
638,"Verda Gilbert","East Northport",NY,2017-01-04,2,1499.98,"Surly Ogre Frameset - 2017","Road Bikes","Baldwin Bikes","Venita Daniel"
639,"Felicidad Golden",Lockport,NY,2017-01-06,1,529.99,"Electra Moto 1 - 2016","Cruisers Bicycles","Baldwin Bikes","Marcelene Boyer"
639,"Felicidad Golden",Lockport,NY,2017-01-06,1,749.99,"Sun Bicycles Brickell Tandem 7 - 2017","Cruisers Bicycles","Baldwin Bikes","Marcelene Boyer"
639,"Felicidad Golden",Lockport,NY,2017-01-06,1,619.99,"Sun Bicycles Biscayne Tandem 7 - 2017","Cruisers Bicycles","Baldwin Bikes","Marcelene Boyer"
639,"Felicidad Golden",Lockport,NY,2017-01-06,2,9999.98,"Trek Powerfly 8 FS Plus - 2017","Electric Bikes","Baldwin Bikes","Marcelene Boyer"
640,"Alejandrina Hodges","Deer Park",NY,2017-01-06,2,899.98,"Sun Bicycles Cruz 3 - 2017","Comfort Bicycles","Baldwin Bikes","Marcelene Boyer"
640,"Alejandrina Hodges","Deer Park",NY,2017-01-06,1,469.99,"Trek Farley Alloy Frameset - 2017","Mountain Bikes","Baldwin Bikes","Marcelene Boyer"
640,"Alejandrina Hodges","Deer Park",NY,2017-01-06,1,999.99,"Surly Ice Cream Truck Frameset - 2017","Mountain Bikes","Baldwin Bikes","Marcelene Boyer"
640,"Alejandrina Hodges","Deer Park",NY,2017-01-06,2,599.98,"Electra Girl's Hawaii 1 16" - 2017","Cruisers Bicycles","Baldwin Bikes","Marcelene Boyer"
640,"Alejandrina Hodges","Deer Park",NY,2017-01-06,2,833.98,"Sun Bicycles Cruz 7 - Women's - 2017","Comfort Bicycles","Baldwin Bikes","Marcelene Boyer"
642,"Lizette Ellison","Port Washington",NY,2017-01-07,2,899.98,"Sun Bicycles Cruz 3 - 2017","Cruisers Bicycles","Baldwin Bikes","Venita Daniel"
644,"Sunshine Rosario",Jamaica,NY,2017-01-08,1,2999.99,"Trek Conduit+ - 2016","Electric Bikes","Baldwin Bikes","Marcelene Boyer"
645,"Consuela Collier","North Tonawanda",NY,2017-01-08,1,299.99,"Electra Sugar Skulls 1 (20-inch) - Girl's - 2017","Children Bicycles","Baldwin Bikes","Marcelene Boyer"
645,"Consuela Collier","North Tonawanda",NY,2017-01-08,2,4599.98,"Trek Fuel EX 5 27.5 Plus - 2017","Mountain Bikes","Baldwin Bikes","Marcelene Boyer"
645,"Consuela Collier","North Tonawanda",NY,2017-01-08,1,469.99,"Surly Ice Cream Truck Frameset - 2016","Mountain Bikes","Baldwin Bikes","Marcelene Boyer"
645,"Consuela Collier","North Tonawanda",NY,2017-01-08,2,10599.98,"Trek Remedy 9.8 - 2017","Mountain Bikes","Baldwin Bikes","Marcelene Boyer"
645,"Consuela Collier","North Tonawanda",NY,2017-01-08,2,539.98,"Electra Cruiser 1 (24-Inch) - 2016","Children Bicycles","Baldwin Bikes","Marcelene Boyer"
647,"Jaimee Day",Poughkeepsie,NY,2017-01-09,2,999.98,"Electra Townie Original 7D - 2015/2016","Comfort Bicycles","Baldwin Bikes","Venita Daniel"
647,"Jaimee Day",Poughkeepsie,NY,2017-01-09,1,269.99,"Electra Cruiser 1 (24-Inch) - 2016","Cruisers Bicycles","Baldwin Bikes","Venita Daniel"
648,"Jenny Bell","Niagara Falls",NY,2017-01-09,1,549.99,"Electra Townie Original 21D - 2016","Comfort Bicycles","Baldwin Bikes","Marcelene Boyer"
651,"Toya Pratt","Long Beach",NY,2017-01-11,1,402.99,"Sun Bicycles Boardwalk (24-inch Wheels) - 2017","Cruisers Bicycles","Baldwin Bikes","Venita Daniel"
651,"Toya Pratt","Long Beach",NY,2017-01-11,1,329.99,"Haro Downtown 16 - 2017","Children Bicycles","Baldwin Bikes","Venita Daniel"
651,"Toya Pratt","Long Beach",NY,2017-01-11,2,979.98,"Electra Townie Original 7D - 2017","Comfort Bicycles","Baldwin Bikes","Venita Daniel"
651,"Toya Pratt","Long Beach",NY,2017-01-11,2,499.98,"Haro Shredder Pro 20 - 2017","Children Bicycles","Baldwin Bikes","Venita Daniel"
654,"Gilberto Sanders",Woodside,NY,2017-01-14,1,2999.99,"Trek Conduit+ - 2016","Electric Bikes","Baldwin Bikes","Venita Daniel"
654,"Gilberto Sanders",Woodside,NY,2017-01-14,1,299.99,"Electra Girl's Hawaii 1 16" - 2017","Children Bicycles","Baldwin Bikes","Venita Daniel"
654,"Gilberto Sanders",Woodside,NY,2017-01-14,2,941.98,"Sun Bicycles Drifter 7 - 2017","Comfort Bicycles","Baldwin Bikes","Venita Daniel"
654,"Gilberto Sanders",Woodside,NY,2017-01-14,2,699.98,"Electra Savannah 3i (20-inch) - Girl's - 2017","Children Bicycles","Baldwin Bikes","Venita Daniel"
656,"Venessa Frost",Scarsdale,NY,2017-01-16,1,149.99,"Trek Boy's Kickster - 2015/2017","Children Bicycles","Baldwin Bikes","Venita Daniel"
656,"Venessa Frost",Scarsdale,NY,2017-01-16,1,269.99,"Electra Girl's Hawaii 1 (16-inch) - 2015/2016","Children Bicycles","Baldwin Bikes","Venita Daniel"
656,"Venessa Frost",Scarsdale,NY,2017-01-16,2,939.98,"Surly Wednesday Frameset - 2017","Mountain Bikes","Baldwin Bikes","Venita Daniel"
658,"Tonisha Fowler","Huntington Station",NY,2017-01-17,2,6999.98,"Trek Domane SL 6 - 2017","Road Bikes","Baldwin Bikes","Venita Daniel"
658,"Tonisha Fowler","Huntington Station",NY,2017-01-17,1,999.99,"Trek X-Caliber 8 - 2017","Mountain Bikes","Baldwin Bikes","Venita Daniel"
658,"Tonisha Fowler","Huntington Station",NY,2017-01-17,1,2999.99,"Trek Conduit+ - 2016","Electric Bikes","Baldwin Bikes","Venita Daniel"
659,"Sheryl Chase","Floral Park",NY,2017-01-17,2,4599.98,"Trek Fuel EX 5 27.5 Plus - 2017","Mountain Bikes","Baldwin Bikes","Venita Daniel"
659,"Sheryl Chase","Floral Park",NY,2017-01-17,2,2999.98,"Trek Stache 5 - 2017","Mountain Bikes","Baldwin Bikes","Venita Daniel"
659,"Sheryl Chase","Floral Park",NY,2017-01-17,1,659.99,"Electra Amsterdam Original 3i - 2015/2017","Cruisers Bicycles","Baldwin Bikes","Venita Daniel"
659,"Sheryl Chase","Floral Park",NY,2017-01-17,2,9999.98,"Trek Powerfly 8 FS Plus - 2017","Electric Bikes","Baldwin Bikes","Venita Daniel"
660,"Ashlee Pena",Whitestone,NY,2017-01-18,1,999.99,"Surly Ice Cream Truck Frameset - 2017","Mountain Bikes","Baldwin Bikes","Venita Daniel"
660,"Ashlee Pena",Whitestone,NY,2017-01-18,2,5199.98,"Trek Domane S 5 Disc - 2017","Road Bikes","Baldwin Bikes","Venita Daniel"
660,"Ashlee Pena",Whitestone,NY,2017-01-18,2,10599.98,"Trek Remedy 9.8 - 2017","Mountain Bikes","Baldwin Bikes","Venita Daniel"
660,"Ashlee Pena",Whitestone,NY,2017-01-18,2,1999.98,"Trek X-Caliber 8 - 2017","Mountain Bikes","Baldwin Bikes","Venita Daniel"
661,"Leigh Burke",Schenectady,NY,2017-01-18,2,6999.98,"Trek Boone Race Shop Limited - 2017","Cyclocross Bicycles","Baldwin Bikes","Marcelene Boyer"
661,"Leigh Burke",Schenectady,NY,2017-01-18,2,539.98,"Electra Girl's Hawaii 1 (16-inch) - 2015/2016","Children Bicycles","Baldwin Bikes","Marcelene Boyer"
664,"Reatha Perez",Holbrook,NY,2017-01-20,2,1751.98,"Surly Steamroller - 2017","Road Bikes","Baldwin Bikes","Venita Daniel"
664,"Reatha Perez",Holbrook,NY,2017-01-20,1,1320.99,"Heller Shagamaw Frame - 2016","Mountain Bikes","Baldwin Bikes","Venita Daniel"
664,"Reatha Perez",Holbrook,NY,2017-01-20,1,5999.99,"Trek Silque SLR 7 Women's - 2017","Road Bikes","Baldwin Bikes","Venita Daniel"
664,"Reatha Perez",Holbrook,NY,2017-01-20,2,679.98,"Electra Townie 7D (20-inch) - Boys' - 2017","Children Bicycles","Baldwin Bikes","Venita Daniel"
664,"Reatha Perez",Holbrook,NY,2017-01-20,1,5299.99,"Trek Remedy 9.8 - 2017","Mountain Bikes","Baldwin Bikes","Venita Daniel"
665,"Syreeta Hendricks",Mahopac,NY,2017-01-21,1,4999.99,"Trek Madone 9.2 - 2017","Road Bikes","Baldwin Bikes","Marcelene Boyer"
665,"Syreeta Hendricks",Mahopac,NY,2017-01-21,2,4599.98,"Trek Fuel EX 5 27.5 Plus - 2017","Mountain Bikes","Baldwin Bikes","Marcelene Boyer"
665,"Syreeta Hendricks",Mahopac,NY,2017-01-21,2,999.98,"Electra Townie Original 7D - 2015/2016","Comfort Bicycles","Baldwin Bikes","Marcelene Boyer"
666,"Lavonda Stephenson","Bay Shore",NY,2017-01-21,2,979.98,"Electra Straight 8 3i (20-inch) - Boy's - 2017","Children Bicycles","Baldwin Bikes","Venita Daniel"
666,"Lavonda Stephenson","Bay Shore",NY,2017-01-21,1,1499.99,"Trek Stache 5 - 2017","Mountain Bikes","Baldwin Bikes","Venita Daniel"
667,"Klara Kim",Rome,NY,2017-01-22,1,402.99,"Sun Bicycles Boardwalk (24-inch Wheels) - 2017","Cruisers Bicycles","Baldwin Bikes","Venita Daniel"
667,"Klara Kim",Rome,NY,2017-01-22,1,109.99,"Sun Bicycles Lil Kitt'n - 2017","Children Bicycles","Baldwin Bikes","Venita Daniel"
667,"Klara Kim",Rome,NY,2017-01-22,1,999.99,"Surly Wednesday Frameset - 2016","Mountain Bikes","Baldwin Bikes","Venita Daniel"
667,"Klara Kim",Rome,NY,2017-01-22,1,299.99,"Electra Sugar Skulls 1 (20-inch) - Girl's - 2017","Children Bicycles","Baldwin Bikes","Venita Daniel"
667,"Klara Kim",Rome,NY,2017-01-22,1,329.99,"Haro Downtown 16 - 2017","Children Bicycles","Baldwin Bikes","Venita Daniel"
669,"Carolyne Conley","Floral Park",NY,2017-01-23,2,1199.98,"Electra Townie Original 7D EQ - 2016","Cruisers Bicycles","Baldwin Bikes","Venita Daniel"
669,"Carolyne Conley","Floral Park",NY,2017-01-23,1,619.99,"Sun Bicycles Biscayne Tandem 7 - 2017","Cruisers Bicycles","Baldwin Bikes","Venita Daniel"
670,"Virgina Berg","Valley Stream",NY,2017-01-24,1,449.99,"Sun Bicycles Cruz 3 - Women's - 2017","Comfort Bicycles","Baldwin Bikes","Marcelene Boyer"
670,"Virgina Berg","Valley Stream",NY,2017-01-24,1,2499.99,"Surly Karate Monkey 27.5+ Frameset - 2017","Mountain Bikes","Baldwin Bikes","Marcelene Boyer"
670,"Virgina Berg","Valley Stream",NY,2017-01-24,2,963.98,"Sun Bicycles Streamway - 2017","Comfort Bicycles","Baldwin Bikes","Marcelene Boyer"
670,"Virgina Berg","Valley Stream",NY,2017-01-24,2,1739.98,"Haro SR 1.2 - 2017","Mountain Bikes","Baldwin Bikes","Marcelene Boyer"
671,"Elvia Cardenas",Massapequa,NY,2017-01-25,1,999.99,"Surly Ice Cream Truck Frameset - 2017","Mountain Bikes","Baldwin Bikes","Venita Daniel"
671,"Elvia Cardenas",Massapequa,NY,2017-01-25,1,416.99,"Sun Bicycles Cruz 7 - 2017","Cruisers Bicycles","Baldwin Bikes","Venita Daniel"
671,"Elvia Cardenas",Massapequa,NY,2017-01-25,1,2699.99,"Trek Domane S 6 - 2017","Road Bikes","Baldwin Bikes","Venita Daniel"
671,"Elvia Cardenas",Massapequa,NY,2017-01-25,1,2899.99,"Trek Fuel EX 8 29 - 2016","Mountain Bikes","Baldwin Bikes","Venita Daniel"
671,"Elvia Cardenas",Massapequa,NY,2017-01-25,2,833.98,"Sun Bicycles Cruz 7 - Women's - 2017","Comfort Bicycles","Baldwin Bikes","Venita Daniel"
672,"Delmar Wise",Lockport,NY,2017-01-26,2,12999.98,"Trek Silque SLR 8 Women's - 2017","Road Bikes","Baldwin Bikes","Marcelene Boyer"
672,"Delmar Wise",Lockport,NY,2017-01-26,2,699.98,"Electra Moto 3i (20-inch) - Boy's - 2017","Children Bicycles","Baldwin Bikes","Marcelene Boyer"
672,"Delmar Wise",Lockport,NY,2017-01-26,2,2999.98,"Trek Emonda S 4 - 2017","Road Bikes","Baldwin Bikes","Marcelene Boyer"
674,"Doreatha Ford",Huntington,NY,2017-01-27,2,1199.98,"Electra Townie Original 7D EQ - 2016","Comfort Bicycles","Baldwin Bikes","Marcelene Boyer"
675,"Boyce Burks",Sunnyside,NY,2017-01-28,1,429.00,"Pure Cycles Vine 8-Speed - 2016","Cruisers Bicycles","Baldwin Bikes","Venita Daniel"
675,"Boyce Burks",Sunnyside,NY,2017-01-28,2,419.98,"Trek Precaliber 16 Boys - 2017","Children Bicycles","Baldwin Bikes","Venita Daniel"
675,"Boyce Burks",Sunnyside,NY,2017-01-28,1,449.00,"Pure Cycles William 3-Speed - 2016","Cruisers Bicycles","Baldwin Bikes","Venita Daniel"
675,"Boyce Burks",Sunnyside,NY,2017-01-28,1,469.99,"Trek Farley Alloy Frameset - 2017","Mountain Bikes","Baldwin Bikes","Venita Daniel"
676,"Petronila Gallegos","Howard Beach",NY,2017-01-28,1,659.99,"Electra Amsterdam Original 3i - 2015/2017","Cruisers Bicycles","Baldwin Bikes","Venita Daniel"
676,"Petronila Gallegos","Howard Beach",NY,2017-01-28,2,963.98,"Sun Bicycles Streamway - 2017","Comfort Bicycles","Baldwin Bikes","Venita Daniel"
676,"Petronila Gallegos","Howard Beach",NY,2017-01-28,1,549.99,"Electra Townie Original 21D - 2016","Comfort Bicycles","Baldwin Bikes","Venita Daniel"
676,"Petronila Gallegos","Howard Beach",NY,2017-01-28,1,999.99,"Trek X-Caliber 8 - 2017","Mountain Bikes","Baldwin Bikes","Venita Daniel"
677,"Elnora Simpson",Bellmore,NY,2017-01-28,1,599.99,"Electra Cruiser Lux Fat Tire 1 Ladies - 2017","Cruisers Bicycles","Baldwin Bikes","Venita Daniel"
677,"Elnora Simpson",Bellmore,NY,2017-01-28,2,7999.98,"Trek Slash 8 27.5 - 2016","Mountain Bikes","Baldwin Bikes","Venita Daniel"
677,"Elnora Simpson",Bellmore,NY,2017-01-28,2,1067.98,"Sun Bicycles Streamway 7 - 2017","Comfort Bicycles","Baldwin Bikes","Venita Daniel"
677,"Elnora Simpson",Bellmore,NY,2017-01-28,2,699.98,"Trek Precaliber 24 (21-Speed) - Girls - 2017","Children Bicycles","Baldwin Bikes","Venita Daniel"
677,"Elnora Simpson",Bellmore,NY,2017-01-28,2,6399.98,"Trek Domane SL Disc Frameset - 2017","Road Bikes","Baldwin Bikes","Venita Daniel"
681,"Lidia Ashley",Baldwinsville,NY,2017-01-29,1,659.99,"Electra Amsterdam Original 3i Ladies' - 2017","Cruisers Bicycles","Baldwin Bikes","Venita Daniel"
681,"Lidia Ashley",Baldwinsville,NY,2017-01-29,1,3499.99,"Trek Boone Race Shop Limited - 2017","Cyclocross Bicycles","Baldwin Bikes","Venita Daniel"
681,"Lidia Ashley",Baldwinsville,NY,2017-01-29,1,4999.99,"Trek Powerfly 8 FS Plus - 2017","Electric Bikes","Baldwin Bikes","Venita Daniel"
681,"Lidia Ashley",Baldwinsville,NY,2017-01-29,2,939.98,"Surly Ice Cream Truck Frameset - 2016","Mountain Bikes","Baldwin Bikes","Venita Daniel"
681,"Lidia Ashley",Baldwinsville,NY,2017-01-29,1,999.99,"Surly Ice Cream Truck Frameset - 2017","Mountain Bikes","Baldwin Bikes","Venita Daniel"
682,"Toshia Cardenas",Amsterdam,NY,2017-01-29,1,1499.99,"Trek Stache 5 - 2017","Mountain Bikes","Baldwin Bikes","Marcelene Boyer"
682,"Toshia Cardenas",Amsterdam,NY,2017-01-29,2,3119.98,"Sun Bicycles ElectroLite - 2017","Electric Bikes","Baldwin Bikes","Marcelene Boyer"
682,"Toshia Cardenas",Amsterdam,NY,2017-01-29,1,299.99,"Electra Sugar Skulls 1 (20-inch) - Girl's - 2017","Children Bicycles","Baldwin Bikes","Marcelene Boyer"
683,"Laci Castro","Saint Albans",NY,2017-01-29,2,1499.98,"Ritchey Timberwolf Frameset - 2016","Mountain Bikes","Baldwin Bikes","Marcelene Boyer"
684,"Quyen Houston","Central Islip",NY,2017-01-31,1,5499.99,"Trek Domane SLR 6 Disc - 2017","Road Bikes","Baldwin Bikes","Marcelene Boyer"
684,"Quyen Houston","Central Islip",NY,2017-01-31,1,469.99,"Surly Wednesday Frameset - 2017","Mountain Bikes","Baldwin Bikes","Marcelene Boyer"
685,"Ayanna Cherry",Smithtown,NY,2017-01-31,1,2599.99,"Trek Domane S 5 Disc - 2017","Road Bikes","Baldwin Bikes","Venita Daniel"
685,"Ayanna Cherry",Smithtown,NY,2017-01-31,2,2999.98,"Trek Emonda S 4 - 2017","Road Bikes","Baldwin Bikes","Venita Daniel"
685,"Ayanna Cherry",Smithtown,NY,2017-01-31,1,416.99,"Sun Bicycles Cruz 7 - 2017","Comfort Bicycles","Baldwin Bikes","Venita Daniel"
685,"Ayanna Cherry",Smithtown,NY,2017-01-31,2,979.98,"Electra Straight 8 3i (20-inch) - Boy's - 2017","Children Bicycles","Baldwin Bikes","Venita Daniel"
685,"Ayanna Cherry",Smithtown,NY,2017-01-31,2,10999.98,"Trek Domane SLR 6 Disc - 2017","Road Bikes","Baldwin Bikes","Venita Daniel"
686,"Alesia Horne",Selden,NY,2017-02-01,1,599.99,"Electra Townie Original 7D EQ - 2016","Cruisers Bicycles","Baldwin Bikes","Venita Daniel"
686,"Alesia Horne",Selden,NY,2017-02-01,1,999.99,"Surly Ice Cream Truck Frameset - 2017","Mountain Bikes","Baldwin Bikes","Venita Daniel"
686,"Alesia Horne",Selden,NY,2017-02-01,2,379.98,"Trek Precaliber 12 Girls - 2017","Children Bicycles","Baldwin Bikes","Venita Daniel"
686,"Alesia Horne",Selden,NY,2017-02-01,2,898.00,"Pure Cycles William 3-Speed - 2016","Cruisers Bicycles","Baldwin Bikes","Venita Daniel"
686,"Alesia Horne",Selden,NY,2017-02-01,1,481.99,"Sun Bicycles Streamway - 2017","Comfort Bicycles","Baldwin Bikes","Venita Daniel"
688,"Jesica Fields",Commack,NY,2017-02-02,1,1799.99,"Trek Remedy 29 Carbon Frameset - 2016","Mountain Bikes","Baldwin Bikes","Venita Daniel"
688,"Jesica Fields",Commack,NY,2017-02-02,1,189.99,"Trek Precaliber 12 Girls - 2017","Children Bicycles","Baldwin Bikes","Venita Daniel"
689,"Willian Hardin",Oswego,NY,2017-02-02,2,939.98,"Surly Wednesday Frameset - 2017","Mountain Bikes","Baldwin Bikes","Venita Daniel"
691,"Carson Macias","New Rochelle",NY,2017-02-04,2,599.98,"Electra Girl's Hawaii 1 (20-inch) - 2015/2016","Children Bicycles","Baldwin Bikes","Venita Daniel"
691,"Carson Macias","New Rochelle",NY,2017-02-04,2,2641.98,"Heller Shagamaw Frame - 2016","Mountain Bikes","Baldwin Bikes","Venita Daniel"
691,"Carson Macias","New Rochelle",NY,2017-02-04,2,5399.98,"Trek Domane S 6 - 2017","Road Bikes","Baldwin Bikes","Venita Daniel"
691,"Carson Macias","New Rochelle",NY,2017-02-04,1,599.99,"Electra Townie Original 7D EQ - Women's - 2016","Cruisers Bicycles","Baldwin Bikes","Venita Daniel"
694,"Damien Dorsey","Central Islip",NY,2017-02-05,1,1499.99,"Trek Emonda S 4 - 2017","Road Bikes","Baldwin Bikes","Venita Daniel"
694,"Damien Dorsey","Central Islip",NY,2017-02-05,1,1499.99,"Trek Stache 5 - 2017","Mountain Bikes","Baldwin Bikes","Venita Daniel"
694,"Damien Dorsey","Central Islip",NY,2017-02-05,2,5399.98,"Trek Domane S 6 - 2017","Road Bikes","Baldwin Bikes","Venita Daniel"
694,"Damien Dorsey","Central Islip",NY,2017-02-05,2,1103.98,"Sun Bicycles Streamway 3 - 2017","Comfort Bicycles","Baldwin Bikes","Venita Daniel"
694,"Damien Dorsey","Central Islip",NY,2017-02-05,2,1739.98,"Haro SR 1.2 - 2017","Mountain Bikes","Baldwin Bikes","Venita Daniel"
695,"Sarah Kirkland","Wappingers Falls",NY,2017-02-05,2,1319.98,"Electra Amsterdam Original 3i Ladies' - 2017","Cruisers Bicycles","Baldwin Bikes","Venita Daniel"
695,"Sarah Kirkland","Wappingers Falls",NY,2017-02-05,2,3999.98,"Trek Emonda S 5 - 2017","Road Bikes","Baldwin Bikes","Venita Daniel"
696,"Chauncey Donaldson","Franklin Square",NY,2017-02-05,2,379.98,"Trek Precaliber 12 Girls - 2017","Children Bicycles","Baldwin Bikes","Venita Daniel"
696,"Chauncey Donaldson","Franklin Square",NY,2017-02-05,1,3999.99,"Trek Slash 8 27.5 - 2016","Mountain Bikes","Baldwin Bikes","Venita Daniel"
696,"Chauncey Donaldson","Franklin Square",NY,2017-02-05,1,869.99,"Haro SR 1.2 - 2017","Mountain Bikes","Baldwin Bikes","Venita Daniel"
700,"Daryl Spence",Uniondale,NY,2017-02-07,2,7999.98,"Trek Slash 8 27.5 - 2016","Mountain Bikes","Baldwin Bikes","Marcelene Boyer"
700,"Daryl Spence",Uniondale,NY,2017-02-07,1,3499.99,"Trek Boone Race Shop Limited - 2017","Cyclocross Bicycles","Baldwin Bikes","Marcelene Boyer"
703,"Zoraida Patton","Huntington Station",NY,2017-02-08,2,1739.98,"Haro SR 1.2 - 2017","Mountain Bikes","Baldwin Bikes","Venita Daniel"
703,"Zoraida Patton","Huntington Station",NY,2017-02-08,2,501.98,"Sun Bicycles Revolutions 24 - 2017","Cruisers Bicycles","Baldwin Bikes","Venita Daniel"
703,"Zoraida Patton","Huntington Station",NY,2017-02-08,1,619.99,"Sun Bicycles Biscayne Tandem 7 - 2017","Cruisers Bicycles","Baldwin Bikes","Venita Daniel"
703,"Zoraida Patton","Huntington Station",NY,2017-02-08,2,5799.98,"Trek Fuel EX 8 29 - 2016","Mountain Bikes","Baldwin Bikes","Venita Daniel"
704,"Dottie Roberts","Port Washington",NY,2017-02-08,2,3098.00,"Surly Straggler - 2016","Cyclocross Bicycles","Baldwin Bikes","Marcelene Boyer"
704,"Dottie Roberts","Port Washington",NY,2017-02-08,1,3499.99,"Trek Boone 7 - 2017","Cyclocross Bicycles","Baldwin Bikes","Marcelene Boyer"
704,"Dottie Roberts","Port Washington",NY,2017-02-08,2,979.98,"Electra Townie 3i EQ (20-inch) - Boys' - 2017","Children Bicycles","Baldwin Bikes","Marcelene Boyer"
705,"Ileana Holt",Patchogue,NY,2017-02-08,1,4999.99,"Trek Powerfly 8 FS Plus - 2017","Electric Bikes","Baldwin Bikes","Venita Daniel"
707,"Ashanti Parks",Baldwin,NY,2017-02-09,2,899.98,"Sun Bicycles Cruz 3 - 2017","Comfort Bicycles","Baldwin Bikes","Venita Daniel"
707,"Ashanti Parks",Baldwin,NY,2017-02-09,1,489.99,"Electra Townie 3i EQ (20-inch) - Boys' - 2017","Children Bicycles","Baldwin Bikes","Venita Daniel"
707,"Ashanti Parks",Baldwin,NY,2017-02-09,2,3361.98,"Surly Straggler 650b - 2016","Cyclocross Bicycles","Baldwin Bikes","Venita Daniel"
707,"Ashanti Parks",Baldwin,NY,2017-02-09,2,1199.98,"Electra Townie Original 7D EQ - 2016","Comfort Bicycles","Baldwin Bikes","Venita Daniel"
709,"Carmelina Sellers",Ithaca,NY,2017-02-11,2,5399.98,"Trek Domane S 6 - 2017","Road Bikes","Baldwin Bikes","Marcelene Boyer"
709,"Carmelina Sellers",Ithaca,NY,2017-02-11,2,679.98,"Electra Townie 7D (20-inch) - Boys' - 2017","Children Bicycles","Baldwin Bikes","Marcelene Boyer"
709,"Carmelina Sellers",Ithaca,NY,2017-02-11,1,1499.99,"Trek Emonda S 4 - 2017","Road Bikes","Baldwin Bikes","Marcelene Boyer"
710,"Danny Kim","South Ozone Park",NY,2017-02-13,1,2299.99,"Trek Fuel EX 5 27.5 Plus - 2017","Mountain Bikes","Baldwin Bikes","Marcelene Boyer"
710,"Danny Kim","South Ozone Park",NY,2017-02-13,2,3119.98,"Sun Bicycles ElectroLite - 2017","Electric Bikes","Baldwin Bikes","Marcelene Boyer"
710,"Danny Kim","South Ozone Park",NY,2017-02-13,2,2999.98,"Trek Stache 5 - 2017","Mountain Bikes","Baldwin Bikes","Marcelene Boyer"
710,"Danny Kim","South Ozone Park",NY,2017-02-13,1,1999.99,"Trek Emonda S 5 - 2017","Road Bikes","Baldwin Bikes","Marcelene Boyer"
710,"Danny Kim","South Ozone Park",NY,2017-02-13,1,2499.99,"Surly Karate Monkey 27.5+ Frameset - 2017","Mountain Bikes","Baldwin Bikes","Marcelene Boyer"
711,"Dale Rasmussen",Kingston,NY,2017-02-13,2,2641.98,"Heller Shagamaw Frame - 2016","Mountain Bikes","Baldwin Bikes","Marcelene Boyer"
711,"Dale Rasmussen",Kingston,NY,2017-02-13,2,599.98,"Electra Girl's Hawaii 1 16" - 2017","Children Bicycles","Baldwin Bikes","Marcelene Boyer"
711,"Dale Rasmussen",Kingston,NY,2017-02-13,2,1239.98,"Sun Bicycles Biscayne Tandem 7 - 2017","Cruisers Bicycles","Baldwin Bikes","Marcelene Boyer"
714,"Phillis Fowler","Clifton Park",NY,2017-02-14,2,419.98,"Haro Shredder 20 - 2017","Children Bicycles","Baldwin Bikes","Venita Daniel"
715,"Robby Sykes",Hempstead,NY,2017-02-15,2,9999.98,"Trek Powerfly 8 FS Plus - 2017","Electric Bikes","Baldwin Bikes","Marcelene Boyer"
715,"Robby Sykes",Hempstead,NY,2017-02-15,1,5999.99,"Trek Silque SLR 7 Women's - 2017","Road Bikes","Baldwin Bikes","Marcelene Boyer"
716,"Elma Molina","New Rochelle",NY,2017-02-15,2,941.98,"Sun Bicycles Drifter 7 - Women's - 2017","Comfort Bicycles","Baldwin Bikes","Marcelene Boyer"
716,"Elma Molina","New Rochelle",NY,2017-02-15,2,419.98,"Haro Shredder 20 Girls - 2017","Children Bicycles","Baldwin Bikes","Marcelene Boyer"
716,"Elma Molina","New Rochelle",NY,2017-02-15,1,402.99,"Sun Bicycles Boardwalk (24-inch Wheels) - 2017","Cruisers Bicycles","Baldwin Bikes","Marcelene Boyer"
716,"Elma Molina","New Rochelle",NY,2017-02-15,2,5799.98,"Trek Fuel EX 8 29 - 2016","Mountain Bikes","Baldwin Bikes","Marcelene Boyer"
717,"Tereasa Bird",Ronkonkoma,NY,2017-02-15,2,10999.98,"Trek Domane SLR 6 Disc - 2017","Road Bikes","Baldwin Bikes","Marcelene Boyer"
717,"Tereasa Bird",Ronkonkoma,NY,2017-02-15,1,209.99,"Haro Shredder 20 Girls - 2017","Children Bicycles","Baldwin Bikes","Marcelene Boyer"
718,"Zelma Browning",Astoria,NY,2017-02-16,2,419.98,"Haro Shredder 20 - 2017","Children Bicycles","Baldwin Bikes","Venita Daniel"
718,"Zelma Browning",Astoria,NY,2017-02-16,2,9999.98,"Trek Fuel EX 9.8 29 - 2017","Mountain Bikes","Baldwin Bikes","Venita Daniel"
718,"Zelma Browning",Astoria,NY,2017-02-16,2,979.98,"Electra Townie Original 7D - 2017","Cruisers Bicycles","Baldwin Bikes","Venita Daniel"
719,"Ashely Holmes",Farmingdale,NY,2017-02-16,1,489.99,"Electra Townie 3i EQ (20-inch) - Boys' - 2017","Children Bicycles","Baldwin Bikes","Marcelene Boyer"
720,"Collin Webster","Howard Beach",NY,2017-02-16,1,470.99,"Sun Bicycles Drifter 7 - Women's - 2017","Comfort Bicycles","Baldwin Bikes","Marcelene Boyer"
720,"Collin Webster","Howard Beach",NY,2017-02-16,1,469.99,"Surly Ice Cream Truck Frameset - 2016","Mountain Bikes","Baldwin Bikes","Marcelene Boyer"
721,"Donnetta Henson",Webster,NY,2017-02-16,2,1739.98,"Haro SR 1.2 - 2017","Mountain Bikes","Baldwin Bikes","Venita Daniel"
721,"Donnetta Henson",Webster,NY,2017-02-16,1,489.99,"Electra Townie Original 7D - 2017","Comfort Bicycles","Baldwin Bikes","Venita Daniel"
721,"Donnetta Henson",Webster,NY,2017-02-16,2,1499.98,"Sun Bicycles Brickell Tandem 7 - 2017","Cruisers Bicycles","Baldwin Bikes","Venita Daniel"
721,"Donnetta Henson",Webster,NY,2017-02-16,1,469.99,"Surly Wednesday Frameset - 2017","Mountain Bikes","Baldwin Bikes","Venita Daniel"
722,"Angelika Perry",Canandaigua,NY,2017-02-18,2,539.98,"Electra Girl's Hawaii 1 (16-inch) - 2015/2016","Children Bicycles","Baldwin Bikes","Venita Daniel"
722,"Angelika Perry",Canandaigua,NY,2017-02-18,1,999.99,"Surly Wednesday Frameset - 2016","Mountain Bikes","Baldwin Bikes","Venita Daniel"
722,"Angelika Perry",Canandaigua,NY,2017-02-18,2,963.98,"Sun Bicycles Streamway - 2017","Comfort Bicycles","Baldwin Bikes","Venita Daniel"
723,"Kathyrn Bush",Bronx,NY,2017-02-19,2,1099.98,"Electra Townie Original 21D - 2016","Comfort Bicycles","Baldwin Bikes","Marcelene Boyer"
723,"Kathyrn Bush",Bronx,NY,2017-02-19,1,599.99,"Electra Townie Original 7D EQ - 2016","Cruisers Bicycles","Baldwin Bikes","Marcelene Boyer"
723,"Kathyrn Bush",Bronx,NY,2017-02-19,1,449.99,"Sun Bicycles Cruz 3 - Women's - 2017","Comfort Bicycles","Baldwin Bikes","Marcelene Boyer"
724,"Lore Sykes",Buffalo,NY,2017-02-19,1,299.99,"Electra Girl's Hawaii 1 (20-inch) - 2015/2016","Children Bicycles","Baldwin Bikes","Marcelene Boyer"
724,"Lore Sykes",Buffalo,NY,2017-02-19,1,599.99,"Electra Cruiser Lux Fat Tire 1 Ladies - 2017","Cruisers Bicycles","Baldwin Bikes","Marcelene Boyer"
724,"Lore Sykes",Buffalo,NY,2017-02-19,1,489.99,"Electra Townie Original 7D - 2017","Comfort Bicycles","Baldwin Bikes","Marcelene Boyer"
724,"Lore Sykes",Buffalo,NY,2017-02-19,1,2699.99,"Trek Domane S 6 - 2017","Road Bikes","Baldwin Bikes","Marcelene Boyer"
725,"Dwain Carlson",Smithtown,NY,2017-02-19,1,209.99,"Trek Precaliber 16 Girls - 2017","Children Bicycles","Baldwin Bikes","Venita Daniel"
725,"Dwain Carlson",Smithtown,NY,2017-02-19,1,349.99,"Trek Precaliber 24 (21-Speed) - Girls - 2017","Children Bicycles","Baldwin Bikes","Venita Daniel"
725,"Dwain Carlson",Smithtown,NY,2017-02-19,2,1599.98,"Electra Glam Punk 3i Ladies' - 2017","Cruisers Bicycles","Baldwin Bikes","Venita Daniel"
725,"Dwain Carlson",Smithtown,NY,2017-02-19,2,6999.98,"Trek Boone 7 - 2017","Cyclocross Bicycles","Baldwin Bikes","Venita Daniel"
726,"Jennell Solis",Rochester,NY,2017-02-19,1,489.99,"Electra Townie Original 7D - 2017","Cruisers Bicycles","Baldwin Bikes","Marcelene Boyer"
729,"Bettyann Acosta",Lancaster,NY,2017-02-20,2,679.98,"Electra Townie 7D (20-inch) - Boys' - 2017","Children Bicycles","Baldwin Bikes","Venita Daniel"
730,"Moira Lester","Jackson Heights",NY,2017-02-21,2,5199.98,"Trek Domane S 5 Disc - 2017","Road Bikes","Baldwin Bikes","Marcelene Boyer"
730,"Moira Lester","Jackson Heights",NY,2017-02-21,1,402.99,"Sun Bicycles Boardwalk (24-inch Wheels) - 2017","Cruisers Bicycles","Baldwin Bikes","Marcelene Boyer"
730,"Moira Lester","Jackson Heights",NY,2017-02-21,2,699.98,"Electra Moto 3i (20-inch) - Boy's - 2017","Children Bicycles","Baldwin Bikes","Marcelene Boyer"
730,"Moira Lester","Jackson Heights",NY,2017-02-21,1,269.99,"Electra Cruiser 1 (24-Inch) - 2016","Cruisers Bicycles","Baldwin Bikes","Marcelene Boyer"
732,"Bernetta Marquez",Smithtown,NY,2017-02-26,1,5299.99,"Trek Remedy 9.8 - 2017","Mountain Bikes","Baldwin Bikes","Venita Daniel"
732,"Bernetta Marquez",Smithtown,NY,2017-02-26,2,5799.98,"Trek Fuel EX 8 29 - 2016","Mountain Bikes","Baldwin Bikes","Venita Daniel"
733,"Pamala Fowler","Ballston Spa",NY,2017-02-26,1,109.99,"Sun Bicycles Lil Kitt'n - 2017","Children Bicycles","Baldwin Bikes","Venita Daniel"
733,"Pamala Fowler","Ballston Spa",NY,2017-02-26,1,2699.99,"Trek Domane S 6 - 2017","Road Bikes","Baldwin Bikes","Venita Daniel"
733,"Pamala Fowler","Ballston Spa",NY,2017-02-26,2,979.98,"Electra Townie Original 7D - 2017","Comfort Bicycles","Baldwin Bikes","Venita Daniel"
736,"Klara Stanley",Webster,NY,2017-02-27,2,10999.98,"Trek Domane SLR 6 Disc - 2017","Road Bikes","Baldwin Bikes","Venita Daniel"
736,"Klara Stanley",Webster,NY,2017-02-27,1,429.00,"Pure Cycles Vine 8-Speed - 2016","Cruisers Bicycles","Baldwin Bikes","Venita Daniel"
736,"Klara Stanley",Webster,NY,2017-02-27,2,6999.98,"Trek Boone 7 - 2017","Cyclocross Bicycles","Baldwin Bikes","Venita Daniel"
737,"Lanie Dunn","North Tonawanda",NY,2017-02-27,1,875.99,"Surly Steamroller - 2017","Road Bikes","Baldwin Bikes","Marcelene Boyer"
737,"Lanie Dunn","North Tonawanda",NY,2017-02-27,2,898.00,"Pure Cycles William 3-Speed - 2016","Cruisers Bicycles","Baldwin Bikes","Marcelene Boyer"
737,"Lanie Dunn","North Tonawanda",NY,2017-02-27,2,1599.98,"Electra Glam Punk 3i Ladies' - 2017","Cruisers Bicycles","Baldwin Bikes","Marcelene Boyer"
737,"Lanie Dunn","North Tonawanda",NY,2017-02-27,1,469.99,"Trek Session DH 27.5 Carbon Frameset - 2017","Mountain Bikes","Baldwin Bikes","Marcelene Boyer"
739,"Caroll Hays",Fairport,NY,2017-02-28,1,999.99,"Surly Wednesday Frameset - 2016","Mountain Bikes","Baldwin Bikes","Marcelene Boyer"
740,"Kendra Harrington",Jamestown,NY,2017-02-28,1,1099.99,"Electra Amsterdam Fashion 7i Ladies' - 2017","Cruisers Bicycles","Baldwin Bikes","Marcelene Boyer"
740,"Kendra Harrington",Jamestown,NY,2017-02-28,2,499.98,"Haro Shredder Pro 20 - 2017","Children Bicycles","Baldwin Bikes","Marcelene Boyer"
740,"Kendra Harrington",Jamestown,NY,2017-02-28,1,1680.99,"Surly Straggler 650b - 2016","Cyclocross Bicycles","Baldwin Bikes","Marcelene Boyer"
740,"Kendra Harrington",Jamestown,NY,2017-02-28,1,449.00,"Pure Cycles William 3-Speed - 2016","Cruisers Bicycles","Baldwin Bikes","Marcelene Boyer"
740,"Kendra Harrington",Jamestown,NY,2017-02-28,2,1099.98,"Electra Townie Original 21D - 2016","Cruisers Bicycles","Baldwin Bikes","Marcelene Boyer"
743,"Shonta Mercer",Massapequa,NY,2017-03-01,1,761.99,"Sun Bicycles Brickell Tandem CB - 2017","Cruisers Bicycles","Baldwin Bikes","Marcelene Boyer"
744,"Lena Mills",Woodhaven,NY,2017-03-01,2,939.98,"Surly Wednesday Frameset - 2017","Mountain Bikes","Baldwin Bikes","Venita Daniel"
745,"Charleen Joyner",Corona,NY,2017-03-01,2,599.98,"Electra Girl's Hawaii 1 16" - 2017","Children Bicycles","Baldwin Bikes","Venita Daniel"
745,"Charleen Joyner",Corona,NY,2017-03-01,2,539.98,"Electra Girl's Hawaii 1 (16-inch) - 2015/2016","Children Bicycles","Baldwin Bikes","Venita Daniel"
745,"Charleen Joyner",Corona,NY,2017-03-01,1,647.99,"Sun Bicycles Biscayne Tandem CB - 2017","Cruisers Bicycles","Baldwin Bikes","Venita Daniel"
749,"Flossie Holder","Massapequa Park",NY,2017-03-04,1,2999.99,"Trek Conduit+ - 2016","Electric Bikes","Baldwin Bikes","Venita Daniel"
749,"Flossie Holder","Massapequa Park",NY,2017-03-04,1,2499.99,"Surly Karate Monkey 27.5+ Frameset - 2017","Mountain Bikes","Baldwin Bikes","Venita Daniel"
749,"Flossie Holder","Massapequa Park",NY,2017-03-04,1,402.99,"Sun Bicycles Boardwalk (24-inch Wheels) - 2017","Cruisers Bicycles","Baldwin Bikes","Venita Daniel"
749,"Flossie Holder","Massapequa Park",NY,2017-03-04,1,549.99,"Electra Townie Original 21D - 2016","Comfort Bicycles","Baldwin Bikes","Venita Daniel"
749,"Flossie Holder","Massapequa Park",NY,2017-03-04,1,4999.99,"Trek Fuel EX 9.8 29 - 2017","Mountain Bikes","Baldwin Bikes","Venita Daniel"
752,"Scarlet Reed",Bronx,NY,2017-03-05,2,1099.98,"Electra Townie Original 21D - 2016","Cruisers Bicycles","Baldwin Bikes","Marcelene Boyer"
752,"Scarlet Reed",Bronx,NY,2017-03-05,2,3265.98,"Surly Wednesday - 2017","Mountain Bikes","Baldwin Bikes","Marcelene Boyer"
753,"Nita Guy","Port Chester",NY,2017-03-05,2,1067.98,"Sun Bicycles Streamway 7 - 2017","Comfort Bicycles","Baldwin Bikes","Venita Daniel"
753,"Nita Guy","Port Chester",NY,2017-03-05,2,7999.98,"Trek Slash 8 27.5 - 2016","Mountain Bikes","Baldwin Bikes","Venita Daniel"
753,"Nita Guy","Port Chester",NY,2017-03-05,2,1665.98,"Surly Troll Frameset - 2017","Mountain Bikes","Baldwin Bikes","Venita Daniel"
753,"Nita Guy","Port Chester",NY,2017-03-05,1,299.99,"Electra Girl's Hawaii 1 16" - 2017","Children Bicycles","Baldwin Bikes","Venita Daniel"
753,"Nita Guy","Port Chester",NY,2017-03-05,1,250.99,"Sun Bicycles Revolutions 24 - 2017","Cruisers Bicycles","Baldwin Bikes","Venita Daniel"
755,"Kimberely Bowen",Troy,NY,2017-03-06,2,1523.98,"Sun Bicycles Brickell Tandem CB - 2017","Cruisers Bicycles","Baldwin Bikes","Marcelene Boyer"
755,"Kimberely Bowen",Troy,NY,2017-03-06,2,10599.98,"Trek Fuel EX 9.8 27.5 Plus - 2017","Mountain Bikes","Baldwin Bikes","Marcelene Boyer"
755,"Kimberely Bowen",Troy,NY,2017-03-06,2,3999.98,"Trek Emonda S 5 - 2017","Road Bikes","Baldwin Bikes","Marcelene Boyer"
756,"Sommer Hopkins",Tonawanda,NY,2017-03-06,1,489.99,"Electra Townie Original 7D - 2017","Cruisers Bicycles","Baldwin Bikes","Marcelene Boyer"
756,"Sommer Hopkins",Tonawanda,NY,2017-03-06,2,858.00,"Pure Cycles Vine 8-Speed - 2016","Cruisers Bicycles","Baldwin Bikes","Marcelene Boyer"
757,"Joe Melton","New Windsor",NY,2017-03-06,1,299.99,"Electra Girl's Hawaii 1 16" - 2017","Children Bicycles","Baldwin Bikes","Venita Daniel"
759,"Susann Bass",Commack,NY,2017-03-07,2,419.98,"Haro Shredder 20 Girls - 2017","Children Bicycles","Baldwin Bikes","Venita Daniel"
759,"Susann Bass",Commack,NY,2017-03-07,1,647.99,"Sun Bicycles Biscayne Tandem CB - 2017","Cruisers Bicycles","Baldwin Bikes","Venita Daniel"
760,"Khalilah Robertson","Spring Valley",NY,2017-03-07,2,539.98,"Electra Cruiser 1 (24-Inch) - 2016","Children Bicycles","Baldwin Bikes","Marcelene Boyer"
760,"Khalilah Robertson","Spring Valley",NY,2017-03-07,2,1999.98,"Trek X-Caliber 8 - 2017","Mountain Bikes","Baldwin Bikes","Marcelene Boyer"
761,"Shiloh Bates",Monsey,NY,2017-03-07,1,5299.99,"Trek Fuel EX 9.8 27.5 Plus - 2017","Mountain Bikes","Baldwin Bikes","Venita Daniel"
761,"Shiloh Bates",Monsey,NY,2017-03-07,2,1751.98,"Surly Steamroller - 2017","Road Bikes","Baldwin Bikes","Venita Daniel"
762,"Wm Pope",Auburn,NY,2017-03-08,2,979.98,"Electra Townie Original 7D - 2017","Comfort Bicycles","Baldwin Bikes","Marcelene Boyer"
766,"Ramiro Byers","Saint Albans",NY,2017-03-09,1,470.99,"Sun Bicycles Drifter 7 - Women's - 2017","Comfort Bicycles","Baldwin Bikes","Marcelene Boyer"
767,"Bettie Pierce",Farmingdale,NY,2017-03-09,1,3499.99,"Trek Boone Race Shop Limited - 2017","Cyclocross Bicycles","Baldwin Bikes","Venita Daniel"
767,"Bettie Pierce",Farmingdale,NY,2017-03-09,1,999.99,"Trek X-Caliber 8 - 2017","Mountain Bikes","Baldwin Bikes","Venita Daniel"
767,"Bettie Pierce",Farmingdale,NY,2017-03-09,2,2939.98,"Haro Shift R3 - 2017","Mountain Bikes","Baldwin Bikes","Venita Daniel"
767,"Bettie Pierce",Farmingdale,NY,2017-03-09,2,1599.98,"Electra Glam Punk 3i Ladies' - 2017","Cruisers Bicycles","Baldwin Bikes","Venita Daniel"
768,"Manie Maxwell",Ronkonkoma,NY,2017-03-09,1,1632.99,"Surly Wednesday - 2017","Mountain Bikes","Baldwin Bikes","Venita Daniel"
768,"Manie Maxwell",Ronkonkoma,NY,2017-03-09,1,299.99,"Electra Girl's Hawaii 1 16" - 2017","Cruisers Bicycles","Baldwin Bikes","Venita Daniel"
769,"Angella Bridges",Pittsford,NY,2017-03-09,1,1799.99,"Trek Remedy 29 Carbon Frameset - 2016","Mountain Bikes","Baldwin Bikes","Marcelene Boyer"
769,"Angella Bridges",Pittsford,NY,2017-03-09,2,939.98,"Surly Ice Cream Truck Frameset - 2016","Mountain Bikes","Baldwin Bikes","Marcelene Boyer"
769,"Angella Bridges",Pittsford,NY,2017-03-09,2,1665.98,"Surly Troll Frameset - 2017","Mountain Bikes","Baldwin Bikes","Marcelene Boyer"
772,"Janella Bright",Rochester,NY,2017-03-11,1,551.99,"Sun Bicycles Streamway 3 - 2017","Comfort Bicycles","Baldwin Bikes","Venita Daniel"
773,"Kenton Hughes",Canandaigua,NY,2017-03-11,1,209.99,"Haro Shredder 20 - 2017","Children Bicycles","Baldwin Bikes","Marcelene Boyer"
773,"Kenton Hughes",Canandaigua,NY,2017-03-11,1,269.99,"Electra Girl's Hawaii 1 (16-inch) - 2015/2016","Cruisers Bicycles","Baldwin Bikes","Marcelene Boyer"
773,"Kenton Hughes",Canandaigua,NY,2017-03-11,2,858.00,"Pure Cycles Vine 8-Speed - 2016","Cruisers Bicycles","Baldwin Bikes","Marcelene Boyer"
773,"Kenton Hughes",Canandaigua,NY,2017-03-11,2,939.98,"Surly Wednesday Frameset - 2017","Mountain Bikes","Baldwin Bikes","Marcelene Boyer"
774,"Yevette Elliott","Jackson Heights",NY,2017-03-12,1,346.99,"Sun Bicycles Lil Bolt Type-R - 2017","Cruisers Bicycles","Baldwin Bikes","Marcelene Boyer"
774,"Yevette Elliott","Jackson Heights",NY,2017-03-12,2,1665.98,"Surly Troll Frameset - 2017","Mountain Bikes","Baldwin Bikes","Marcelene Boyer"
774,"Yevette Elliott","Jackson Heights",NY,2017-03-12,1,599.99,"Electra Townie Original 7D EQ - Women's - 2016","Cruisers Bicycles","Baldwin Bikes","Marcelene Boyer"
774,"Yevette Elliott","Jackson Heights",NY,2017-03-12,1,749.99,"Sun Bicycles Brickell Tandem 7 - 2017","Cruisers Bicycles","Baldwin Bikes","Marcelene Boyer"
774,"Yevette Elliott","Jackson Heights",NY,2017-03-12,2,9999.98,"Trek Madone 9.2 - 2017","Road Bikes","Baldwin Bikes","Marcelene Boyer"
775,"Jonna Brown",Mahopac,NY,2017-03-12,1,1499.99,"Trek Stache 5 - 2017","Mountain Bikes","Baldwin Bikes","Marcelene Boyer"
776,"Yu Mcdonald",Ossining,NY,2017-03-13,1,2499.99,"Surly Karate Monkey 27.5+ Frameset - 2017","Mountain Bikes","Baldwin Bikes","Marcelene Boyer"
776,"Yu Mcdonald",Ossining,NY,2017-03-13,2,4599.98,"Trek Fuel EX 5 27.5 Plus - 2017","Mountain Bikes","Baldwin Bikes","Marcelene Boyer"
776,"Yu Mcdonald",Ossining,NY,2017-03-13,1,416.99,"Sun Bicycles Atlas X-Type - 2017","Cruisers Bicycles","Baldwin Bikes","Marcelene Boyer"
776,"Yu Mcdonald",Ossining,NY,2017-03-13,1,832.99,"Sun Bicycles Spider 3i - 2017","Mountain Bikes","Baldwin Bikes","Marcelene Boyer"
777,"Shu Mays",Astoria,NY,2017-03-13,1,1320.99,"Heller Shagamaw Frame - 2016","Mountain Bikes","Baldwin Bikes","Marcelene Boyer"
777,"Shu Mays",Astoria,NY,2017-03-13,2,7999.98,"Trek Slash 8 27.5 - 2016","Mountain Bikes","Baldwin Bikes","Marcelene Boyer"
777,"Shu Mays",Astoria,NY,2017-03-13,1,749.99,"Ritchey Timberwolf Frameset - 2016","Mountain Bikes","Baldwin Bikes","Marcelene Boyer"
779,"Blanca Hooper","Ozone Park",NY,2017-03-15,1,339.99,"Electra Townie 7D (20-inch) - Boys' - 2017","Children Bicycles","Baldwin Bikes","Marcelene Boyer"
779,"Blanca Hooper","Ozone Park",NY,2017-03-15,2,419.98,"Trek Precaliber 16 Girls - 2017","Children Bicycles","Baldwin Bikes","Marcelene Boyer"
779,"Blanca Hooper","Ozone Park",NY,2017-03-15,1,5299.99,"Trek Remedy 9.8 - 2017","Mountain Bikes","Baldwin Bikes","Marcelene Boyer"
779,"Blanca Hooper","Ozone Park",NY,2017-03-15,1,1799.99,"Trek Remedy 29 Carbon Frameset - 2016","Mountain Bikes","Baldwin Bikes","Marcelene Boyer"
779,"Blanca Hooper","Ozone Park",NY,2017-03-15,1,329.99,"Haro Downtown 16 - 2017","Children Bicycles","Baldwin Bikes","Marcelene Boyer"
780,"Joni Lee",Centereach,NY,2017-03-15,1,469.99,"Trek Farley Alloy Frameset - 2017","Mountain Bikes","Baldwin Bikes","Marcelene Boyer"
781,"Carita Salinas",Maspeth,NY,2017-03-15,2,833.98,"Sun Bicycles Cruz 7 - Women's - 2017","Comfort Bicycles","Baldwin Bikes","Marcelene Boyer"
781,"Carita Salinas",Maspeth,NY,2017-03-15,2,7999.98,"Trek Slash 8 27.5 - 2016","Mountain Bikes","Baldwin Bikes","Marcelene Boyer"
781,"Carita Salinas",Maspeth,NY,2017-03-15,2,3999.98,"Trek Emonda S 5 - 2017","Road Bikes","Baldwin Bikes","Marcelene Boyer"
782,"Trudy Riddle",Schenectady,NY,2017-03-15,2,1199.98,"Electra Townie Original 7D EQ - Women's - 2016","Cruisers Bicycles","Baldwin Bikes","Venita Daniel"
782,"Trudy Riddle",Schenectady,NY,2017-03-15,1,1999.99,"Trek Emonda S 5 - 2017","Road Bikes","Baldwin Bikes","Venita Daniel"
782,"Trudy Riddle",Schenectady,NY,2017-03-15,1,299.99,"Electra Sugar Skulls 1 (20-inch) - Girl's - 2017","Children Bicycles","Baldwin Bikes","Venita Daniel"
782,"Trudy Riddle",Schenectady,NY,2017-03-15,2,1199.98,"Electra Townie Original 7D EQ - 2016","Cruisers Bicycles","Baldwin Bikes","Venita Daniel"
784,"Kandi Mcneil","Massapequa Park",NY,2017-03-16,1,269.99,"Electra Girl's Hawaii 1 (16-inch) - 2015/2016","Children Bicycles","Baldwin Bikes","Venita Daniel"
784,"Kandi Mcneil","Massapequa Park",NY,2017-03-16,2,1239.98,"Sun Bicycles Biscayne Tandem 7 - 2017","Cruisers Bicycles","Baldwin Bikes","Venita Daniel"
784,"Kandi Mcneil","Massapequa Park",NY,2017-03-16,1,599.99,"Electra Townie Original 7D EQ - 2016","Cruisers Bicycles","Baldwin Bikes","Venita Daniel"
786,"Magda Eaton",Ossining,NY,2017-03-18,1,761.99,"Sun Bicycles Brickell Tandem CB - 2017","Cruisers Bicycles","Baldwin Bikes","Marcelene Boyer"
789,"Latricia Lindsey","Yorktown Heights",NY,2017-03-19,2,979.98,"Electra Townie 3i EQ (20-inch) - Boys' - 2017","Children Bicycles","Baldwin Bikes","Marcelene Boyer"
789,"Latricia Lindsey","Yorktown Heights",NY,2017-03-19,2,419.98,"Haro Shredder 20 Girls - 2017","Children Bicycles","Baldwin Bikes","Marcelene Boyer"
790,"Nichelle Rosario","Garden City",NY,2017-03-19,2,6999.98,"Trek Boone 7 - 2017","Cyclocross Bicycles","Baldwin Bikes","Venita Daniel"
790,"Nichelle Rosario","Garden City",NY,2017-03-19,1,349.99,"Trek Precaliber 24 (21-Speed) - Girls - 2017","Children Bicycles","Baldwin Bikes","Venita Daniel"
791,"Julius Holt","East Meadow",NY,2017-03-20,1,3199.99,"Trek Domane SL Disc Frameset - 2017","Road Bikes","Baldwin Bikes","Marcelene Boyer"
791,"Julius Holt","East Meadow",NY,2017-03-20,2,999.98,"Electra Townie Original 7D - 2015/2016","Comfort Bicycles","Baldwin Bikes","Marcelene Boyer"
792,"Gertha Mejia",Flushing,NY,2017-03-22,2,1199.98,"Electra Townie Original 7D EQ - 2016","Cruisers Bicycles","Baldwin Bikes","Marcelene Boyer"
792,"Gertha Mejia",Flushing,NY,2017-03-22,1,1499.99,"Trek Stache 5 - 2017","Mountain Bikes","Baldwin Bikes","Marcelene Boyer"
792,"Gertha Mejia",Flushing,NY,2017-03-22,1,5499.99,"Trek Domane SLR 6 Disc - 2017","Road Bikes","Baldwin Bikes","Marcelene Boyer"
792,"Gertha Mejia",Flushing,NY,2017-03-22,1,999.99,"Surly Ice Cream Truck Frameset - 2017","Mountain Bikes","Baldwin Bikes","Marcelene Boyer"
792,"Gertha Mejia",Flushing,NY,2017-03-22,1,749.99,"Ritchey Timberwolf Frameset - 2016","Mountain Bikes","Baldwin Bikes","Marcelene Boyer"
793,"Florencio Davenport",Jamestown,NY,2017-03-23,1,1559.99,"Sun Bicycles ElectroLite - 2017","Electric Bikes","Baldwin Bikes","Marcelene Boyer"
793,"Florencio Davenport",Jamestown,NY,2017-03-23,2,599.98,"Electra Girl's Hawaii 1 16" - 2017","Children Bicycles","Baldwin Bikes","Marcelene Boyer"
793,"Florencio Davenport",Jamestown,NY,2017-03-23,2,1199.98,"Electra Cruiser Lux Fat Tire 1 Ladies - 2017","Cruisers Bicycles","Baldwin Bikes","Marcelene Boyer"
794,"Shonta Preston",Utica,NY,2017-03-23,2,2939.98,"Haro Shift R3 - 2017","Mountain Bikes","Baldwin Bikes","Venita Daniel"
794,"Shonta Preston",Utica,NY,2017-03-23,1,449.99,"Sun Bicycles Cruz 3 - 2017","Cruisers Bicycles","Baldwin Bikes","Venita Daniel"
794,"Shonta Preston",Utica,NY,2017-03-23,1,429.00,"Pure Cycles Vine 8-Speed - 2016","Cruisers Bicycles","Baldwin Bikes","Venita Daniel"
794,"Shonta Preston",Utica,NY,2017-03-23,1,2499.99,"Surly Karate Monkey 27.5+ Frameset - 2017","Mountain Bikes","Baldwin Bikes","Venita Daniel"
795,"Chere Alston",Patchogue,NY,2017-03-23,2,599.98,"Electra Girl's Hawaii 1 16" - 2017","Children Bicycles","Baldwin Bikes","Venita Daniel"
795,"Chere Alston",Patchogue,NY,2017-03-23,2,599.98,"Electra Sugar Skulls 1 (20-inch) - Girl's - 2017","Children Bicycles","Baldwin Bikes","Venita Daniel"
797,"Candelaria Coffey",Merrick,NY,2017-03-24,1,1680.99,"Surly Straggler 650b - 2016","Cyclocross Bicycles","Baldwin Bikes","Venita Daniel"
797,"Candelaria Coffey",Merrick,NY,2017-03-24,1,416.99,"Sun Bicycles Cruz 7 - 2017","Cruisers Bicycles","Baldwin Bikes","Venita Daniel"
797,"Candelaria Coffey",Merrick,NY,2017-03-24,1,439.99,"Electra Cruiser Lux 1 - 2017","Cruisers Bicycles","Baldwin Bikes","Venita Daniel"
797,"Candelaria Coffey",Merrick,NY,2017-03-24,2,6399.98,"Trek Domane SL Disc Frameset - 2017","Road Bikes","Baldwin Bikes","Venita Daniel"
797,"Candelaria Coffey",Merrick,NY,2017-03-24,2,6999.98,"Trek Boone 7 - 2017","Cyclocross Bicycles","Baldwin Bikes","Venita Daniel"
800,"Conchita Boone","Mount Vernon",NY,2017-03-27,2,693.98,"Sun Bicycles Lil Bolt Type-R - 2017","Cruisers Bicycles","Baldwin Bikes","Marcelene Boyer"
800,"Conchita Boone","Mount Vernon",NY,2017-03-27,1,3199.99,"Trek Domane SL Disc Frameset - 2017","Road Bikes","Baldwin Bikes","Marcelene Boyer"
800,"Conchita Boone","Mount Vernon",NY,2017-03-27,2,939.98,"Surly Ice Cream Truck Frameset - 2016","Mountain Bikes","Baldwin Bikes","Marcelene Boyer"
800,"Conchita Boone","Mount Vernon",NY,2017-03-27,1,875.99,"Surly Steamroller - 2017","Road Bikes","Baldwin Bikes","Marcelene Boyer"
800,"Conchita Boone","Mount Vernon",NY,2017-03-27,2,599.98,"Electra Girl's Hawaii 1 16" - 2017","Children Bicycles","Baldwin Bikes","Marcelene Boyer"
802,"Yanira Bradshaw",Smithtown,NY,2017-03-28,1,999.99,"Surly Ice Cream Truck Frameset - 2017","Mountain Bikes","Baldwin Bikes","Marcelene Boyer"
802,"Yanira Bradshaw",Smithtown,NY,2017-03-28,2,1665.98,"Surly Troll Frameset - 2017","Mountain Bikes","Baldwin Bikes","Marcelene Boyer"
802,"Yanira Bradshaw",Smithtown,NY,2017-03-28,1,4999.99,"Trek Fuel EX 9.8 29 - 2017","Mountain Bikes","Baldwin Bikes","Marcelene Boyer"
802,"Yanira Bradshaw",Smithtown,NY,2017-03-28,1,2499.99,"Surly Karate Monkey 27.5+ Frameset - 2017","Mountain Bikes","Baldwin Bikes","Marcelene Boyer"
804,"Letitia Franco","Saratoga Springs",NY,2017-03-29,2,419.98,"Trek Precaliber 16 Boys - 2017","Children Bicycles","Baldwin Bikes","Marcelene Boyer"
804,"Letitia Franco","Saratoga Springs",NY,2017-03-29,1,749.99,"Surly Ogre Frameset - 2017","Road Bikes","Baldwin Bikes","Marcelene Boyer"
804,"Letitia Franco","Saratoga Springs",NY,2017-03-29,2,11999.98,"Trek Silque SLR 7 Women's - 2017","Road Bikes","Baldwin Bikes","Marcelene Boyer"
805,"Vince Schneider",Merrick,NY,2017-03-29,1,549.99,"Electra Townie Original 21D - 2016","Comfort Bicycles","Baldwin Bikes","Marcelene Boyer"
805,"Vince Schneider",Merrick,NY,2017-03-29,2,939.98,"Surly Wednesday Frameset - 2017","Mountain Bikes","Baldwin Bikes","Marcelene Boyer"
805,"Vince Schneider",Merrick,NY,2017-03-29,2,6999.98,"Trek Boone 7 - 2017","Cyclocross Bicycles","Baldwin Bikes","Marcelene Boyer"
805,"Vince Schneider",Merrick,NY,2017-03-29,1,469.99,"Trek Farley Alloy Frameset - 2017","Mountain Bikes","Baldwin Bikes","Marcelene Boyer"
805,"Vince Schneider",Merrick,NY,2017-03-29,2,939.98,"Surly Ice Cream Truck Frameset - 2016","Mountain Bikes","Baldwin Bikes","Marcelene Boyer"
806,"Winfred Harris","East Meadow",NY,2017-03-30,2,419.98,"Haro Shredder 20 Girls - 2017","Children Bicycles","Baldwin Bikes","Venita Daniel"
806,"Winfred Harris","East Meadow",NY,2017-03-30,1,349.99,"Electra Savannah 3i (20-inch) - Girl's - 2017","Children Bicycles","Baldwin Bikes","Venita Daniel"
806,"Winfred Harris","East Meadow",NY,2017-03-30,2,1599.98,"Electra Glam Punk 3i Ladies' - 2017","Cruisers Bicycles","Baldwin Bikes","Venita Daniel"
806,"Winfred Harris","East Meadow",NY,2017-03-30,2,1319.98,"Electra Amsterdam Original 3i Ladies' - 2017","Cruisers Bicycles","Baldwin Bikes","Venita Daniel"
806,"Winfred Harris","East Meadow",NY,2017-03-30,2,699.98,"Trek Precaliber 24 (21-Speed) - Girls - 2017","Children Bicycles","Baldwin Bikes","Venita Daniel"
807,"Lenore Valdez","Spring Valley",NY,2017-03-30,2,539.98,"Electra Cruiser 1 (24-Inch) - 2016","Children Bicycles","Baldwin Bikes","Marcelene Boyer"
807,"Lenore Valdez","Spring Valley",NY,2017-03-30,1,469.99,"Surly Ice Cream Truck Frameset - 2016","Mountain Bikes","Baldwin Bikes","Marcelene Boyer"
807,"Lenore Valdez","Spring Valley",NY,2017-03-30,2,1999.98,"Surly Wednesday Frameset - 2016","Mountain Bikes","Baldwin Bikes","Marcelene Boyer"
807,"Lenore Valdez","Spring Valley",NY,2017-03-30,2,5999.98,"Trek Conduit+ - 2016","Electric Bikes","Baldwin Bikes","Marcelene Boyer"
807,"Lenore Valdez","Spring Valley",NY,2017-03-30,1,599.99,"Electra Townie Original 7D EQ - 2016","Cruisers Bicycles","Baldwin Bikes","Marcelene Boyer"
808,"Justina Jenkins",Baldwin,NY,2017-03-31,2,699.98,"Electra Moto 3i (20-inch) - Boy's - 2017","Children Bicycles","Baldwin Bikes","Marcelene Boyer"
808,"Justina Jenkins",Baldwin,NY,2017-03-31,1,449.00,"Pure Cycles Western 3-Speed - Women's - 2015/2016","Cruisers Bicycles","Baldwin Bikes","Marcelene Boyer"
808,"Justina Jenkins",Baldwin,NY,2017-03-31,1,329.99,"Haro Downtown 16 - 2017","Children Bicycles","Baldwin Bikes","Marcelene Boyer"
808,"Justina Jenkins",Baldwin,NY,2017-03-31,2,898.00,"Pure Cycles William 3-Speed - 2016","Cruisers Bicycles","Baldwin Bikes","Marcelene Boyer"
809,"Geraldine O'donnell",Flushing,NY,2017-03-31,1,647.99,"Sun Bicycles Biscayne Tandem CB - 2017","Cruisers Bicycles","Baldwin Bikes","Venita Daniel"
809,"Geraldine O'donnell",Flushing,NY,2017-03-31,1,599.99,"Electra Townie Original 7D EQ - 2016","Comfort Bicycles","Baldwin Bikes","Venita Daniel"
809,"Geraldine O'donnell",Flushing,NY,2017-03-31,2,419.98,"Haro Shredder 20 - 2017","Children Bicycles","Baldwin Bikes","Venita Daniel"
811,"Larraine Horn",Utica,NY,2017-04-01,2,1739.98,"Haro SR 1.2 - 2017","Mountain Bikes","Baldwin Bikes","Venita Daniel"
811,"Larraine Horn",Utica,NY,2017-04-01,1,3199.99,"Trek Domane SL Disc Frameset - 2017","Road Bikes","Baldwin Bikes","Venita Daniel"
811,"Larraine Horn",Utica,NY,2017-04-01,1,659.99,"Electra Amsterdam Original 3i - 2015/2017","Cruisers Bicycles","Baldwin Bikes","Venita Daniel"
811,"Larraine Horn",Utica,NY,2017-04-01,1,250.99,"Sun Bicycles Revolutions 24 - 2017","Cruisers Bicycles","Baldwin Bikes","Venita Daniel"
812,"Patrina Tanner",Scarsdale,NY,2017-04-01,2,599.98,"Electra Girl's Hawaii 1 16" - 2017","Cruisers Bicycles","Baldwin Bikes","Venita Daniel"
812,"Patrina Tanner",Scarsdale,NY,2017-04-01,1,4999.99,"Trek Fuel EX 9.8 29 - 2017","Mountain Bikes","Baldwin Bikes","Venita Daniel"
814,"Evelina Byrd",Buffalo,NY,2017-04-02,2,833.98,"Sun Bicycles Cruz 7 - 2017","Cruisers Bicycles","Baldwin Bikes","Venita Daniel"
814,"Evelina Byrd",Buffalo,NY,2017-04-02,1,489.99,"Electra Townie 3i EQ (20-inch) - Boys' - 2017","Children Bicycles","Baldwin Bikes","Venita Daniel"
814,"Evelina Byrd",Buffalo,NY,2017-04-02,1,346.99,"Sun Bicycles Lil Bolt Type-R - 2017","Cruisers Bicycles","Baldwin Bikes","Venita Daniel"
814,"Evelina Byrd",Buffalo,NY,2017-04-02,2,299.98,"Trek Boy's Kickster - 2015/2017","Children Bicycles","Baldwin Bikes","Venita Daniel"
816,"Shanti Johnston","Staten Island",NY,2017-04-03,2,1199.98,"Electra Cruiser Lux Fat Tire 1 Ladies - 2017","Cruisers Bicycles","Baldwin Bikes","Marcelene Boyer"
816,"Shanti Johnston","Staten Island",NY,2017-04-03,2,979.98,"Electra Townie Original 7D - 2017","Cruisers Bicycles","Baldwin Bikes","Marcelene Boyer"
817,"Annett Garrett",Scarsdale,NY,2017-04-04,1,329.99,"Haro Downtown 16 - 2017","Children Bicycles","Baldwin Bikes","Venita Daniel"
817,"Annett Garrett",Scarsdale,NY,2017-04-04,2,1067.98,"Sun Bicycles Streamway 7 - 2017","Comfort Bicycles","Baldwin Bikes","Venita Daniel"
817,"Annett Garrett",Scarsdale,NY,2017-04-04,2,2999.98,"Trek Emonda S 4 - 2017","Road Bikes","Baldwin Bikes","Venita Daniel"
818,"Claris Santiago",Newburgh,NY,2017-04-04,1,551.99,"Sun Bicycles Streamway 3 - 2017","Comfort Bicycles","Baldwin Bikes","Marcelene Boyer"
818,"Claris Santiago",Newburgh,NY,2017-04-04,2,1079.98,"Haro SR 1.1 - 2017","Mountain Bikes","Baldwin Bikes","Marcelene Boyer"
818,"Claris Santiago",Newburgh,NY,2017-04-04,2,898.00,"Pure Cycles William 3-Speed - 2016","Cruisers Bicycles","Baldwin Bikes","Marcelene Boyer"
818,"Claris Santiago",Newburgh,NY,2017-04-04,2,2999.98,"Trek Emonda S 4 - 2017","Road Bikes","Baldwin Bikes","Marcelene Boyer"
820,"Carola Mcpherson","Rego Park",NY,2017-04-05,1,416.99,"Sun Bicycles Cruz 7 - 2017","Comfort Bicycles","Baldwin Bikes","Venita Daniel"
821,"Agustina Lawrence",Brooklyn,NY,2017-04-05,1,489.99,"Electra Townie Original 7D - 2017","Comfort Bicycles","Baldwin Bikes","Venita Daniel"
821,"Agustina Lawrence",Brooklyn,NY,2017-04-05,2,1319.98,"Electra Amsterdam Original 3i - 2015/2017","Cruisers Bicycles","Baldwin Bikes","Venita Daniel"
821,"Agustina Lawrence",Brooklyn,NY,2017-04-05,1,469.99,"Surly Ice Cream Truck Frameset - 2016","Mountain Bikes","Baldwin Bikes","Venita Daniel"
821,"Agustina Lawrence",Brooklyn,NY,2017-04-05,1,416.99,"Sun Bicycles Cruz 7 - 2017","Comfort Bicycles","Baldwin Bikes","Venita Daniel"
822,"Clementina Sargent",Rome,NY,2017-04-06,1,749.99,"Surly Ogre Frameset - 2017","Road Bikes","Baldwin Bikes","Venita Daniel"
822,"Clementina Sargent",Rome,NY,2017-04-06,1,619.99,"Sun Bicycles Biscayne Tandem 7 - 2017","Cruisers Bicycles","Baldwin Bikes","Venita Daniel"
825,"Pamelia Newman",Monroe,NY,2017-04-07,1,449.00,"Pure Cycles William 3-Speed - 2016","Cruisers Bicycles","Baldwin Bikes","Venita Daniel"
825,"Pamelia Newman",Monroe,NY,2017-04-07,2,1999.98,"Surly Ice Cream Truck Frameset - 2017","Mountain Bikes","Baldwin Bikes","Venita Daniel"
826,"Bennett Armstrong",Bethpage,NY,2017-04-07,2,1739.98,"Haro SR 1.2 - 2017","Mountain Bikes","Baldwin Bikes","Marcelene Boyer"
826,"Bennett Armstrong",Bethpage,NY,2017-04-07,1,832.99,"Surly Troll Frameset - 2017","Mountain Bikes","Baldwin Bikes","Marcelene Boyer"
827,"Brittni Green","Floral Park",NY,2017-04-07,1,5299.99,"Trek Fuel EX 9.8 27.5 Plus - 2017","Mountain Bikes","Baldwin Bikes","Venita Daniel"
827,"Brittni Green","Floral Park",NY,2017-04-07,1,1469.99,"Haro Shift R3 - 2017","Mountain Bikes","Baldwin Bikes","Venita Daniel"
827,"Brittni Green","Floral Park",NY,2017-04-07,1,2499.99,"Surly Karate Monkey 27.5+ Frameset - 2017","Mountain Bikes","Baldwin Bikes","Venita Daniel"
827,"Brittni Green","Floral Park",NY,2017-04-07,1,449.99,"Sun Bicycles Cruz 3 - Women's - 2017","Comfort Bicycles","Baldwin Bikes","Venita Daniel"
828,"Dionne Norris","Niagara Falls",NY,2017-04-09,2,999.98,"Electra Townie Original 7D - 2015/2016","Comfort Bicycles","Baldwin Bikes","Marcelene Boyer"
828,"Dionne Norris","Niagara Falls",NY,2017-04-09,1,549.99,"Electra Townie Original 21D - 2016","Comfort Bicycles","Baldwin Bikes","Marcelene Boyer"
828,"Dionne Norris","Niagara Falls",NY,2017-04-09,2,5399.98,"Trek Domane S 6 - 2017","Road Bikes","Baldwin Bikes","Marcelene Boyer"
829,"Ira Moore","Saratoga Springs",NY,2017-04-09,1,551.99,"Sun Bicycles Streamway 3 - 2017","Comfort Bicycles","Baldwin Bikes","Venita Daniel"
829,"Ira Moore","Saratoga Springs",NY,2017-04-09,2,1067.98,"Sun Bicycles Streamway 7 - 2017","Comfort Bicycles","Baldwin Bikes","Venita Daniel"
830,"Luciano Marsh",Bellmore,NY,2017-04-11,2,659.98,"Haro Downtown 16 - 2017","Children Bicycles","Baldwin Bikes","Marcelene Boyer"
830,"Luciano Marsh",Bellmore,NY,2017-04-11,2,979.98,"Electra Townie 3i EQ (20-inch) - Boys' - 2017","Children Bicycles","Baldwin Bikes","Marcelene Boyer"
830,"Luciano Marsh",Bellmore,NY,2017-04-11,2,699.98,"Electra Moto 3i (20-inch) - Boy's - 2017","Children Bicycles","Baldwin Bikes","Marcelene Boyer"
831,"Shiloh Reeves","West Babylon",NY,2017-04-11,1,250.99,"Sun Bicycles Revolutions 24 - Girl's - 2017","Cruisers Bicycles","Baldwin Bikes","Venita Daniel"
831,"Shiloh Reeves","West Babylon",NY,2017-04-11,1,1680.99,"Surly Straggler 650b - 2016","Cyclocross Bicycles","Baldwin Bikes","Venita Daniel"
831,"Shiloh Reeves","West Babylon",NY,2017-04-11,1,449.99,"Sun Bicycles Cruz 3 - 2017","Cruisers Bicycles","Baldwin Bikes","Venita Daniel"
832,"Karl Stephens","Rockville Centre",NY,2017-04-11,1,3199.99,"Trek Domane SL Disc Frameset - 2017","Road Bikes","Baldwin Bikes","Venita Daniel"
832,"Karl Stephens","Rockville Centre",NY,2017-04-11,1,869.99,"Haro SR 1.2 - 2017","Mountain Bikes","Baldwin Bikes","Venita Daniel"
832,"Karl Stephens","Rockville Centre",NY,2017-04-11,1,999.99,"Surly Big Dummy Frameset - 2017","Mountain Bikes","Baldwin Bikes","Venita Daniel"
832,"Karl Stephens","Rockville Centre",NY,2017-04-11,2,1199.98,"Electra Townie Original 7D EQ - 2016","Cruisers Bicycles","Baldwin Bikes","Venita Daniel"
833,"Kerrie O'neill",Shirley,NY,2017-04-12,2,1199.98,"Electra Townie Original 7D EQ - Women's - 2016","Cruisers Bicycles","Baldwin Bikes","Venita Daniel"
834,"Rosanne George",Ossining,NY,2017-04-12,1,3199.99,"Trek Domane SL Disc Frameset - 2017","Road Bikes","Baldwin Bikes","Marcelene Boyer"
834,"Rosanne George",Ossining,NY,2017-04-12,1,269.99,"Electra Cruiser 1 (24-Inch) - 2016","Children Bicycles","Baldwin Bikes","Marcelene Boyer"
834,"Rosanne George",Ossining,NY,2017-04-12,1,647.99,"Sun Bicycles Biscayne Tandem CB - 2017","Cruisers Bicycles","Baldwin Bikes","Marcelene Boyer"
836,"Sherita Cherry",Liverpool,NY,2017-04-13,2,899.98,"Sun Bicycles Cruz 3 - Women's - 2017","Comfort Bicycles","Baldwin Bikes","Marcelene Boyer"
837,"Siobhan Lang",Levittown,NY,2017-04-13,1,6499.99,"Trek Silque SLR 8 Women's - 2017","Road Bikes","Baldwin Bikes","Venita Daniel"
837,"Siobhan Lang",Levittown,NY,2017-04-13,1,349.99,"Electra Savannah 3i (20-inch) - Girl's - 2017","Children Bicycles","Baldwin Bikes","Venita Daniel"
837,"Siobhan Lang",Levittown,NY,2017-04-13,2,379.98,"Trek Precaliber 12 Boys - 2017","Children Bicycles","Baldwin Bikes","Venita Daniel"
838,"Eliseo Knight",Woodhaven,NY,2017-04-14,1,2499.99,"Surly Karate Monkey 27.5+ Frameset - 2017","Mountain Bikes","Baldwin Bikes","Venita Daniel"
838,"Eliseo Knight",Woodhaven,NY,2017-04-14,1,1549.00,"Surly Straggler - 2016","Cyclocross Bicycles","Baldwin Bikes","Venita Daniel"
838,"Eliseo Knight",Woodhaven,NY,2017-04-14,2,979.98,"Electra Townie 3i EQ (20-inch) - Boys' - 2017","Children Bicycles","Baldwin Bikes","Venita Daniel"
838,"Eliseo Knight",Woodhaven,NY,2017-04-14,2,693.98,"Sun Bicycles Lil Bolt Type-R - 2017","Cruisers Bicycles","Baldwin Bikes","Venita Daniel"
840,"Collene Roman","Wappingers Falls",NY,2017-04-15,1,999.99,"Surly Big Dummy Frameset - 2017","Mountain Bikes","Baldwin Bikes","Marcelene Boyer"
840,"Collene Roman","Wappingers Falls",NY,2017-04-15,1,5299.99,"Trek Fuel EX 9.8 27.5 Plus - 2017","Mountain Bikes","Baldwin Bikes","Marcelene Boyer"
840,"Collene Roman","Wappingers Falls",NY,2017-04-15,2,899.98,"Sun Bicycles Cruz 3 - 2017","Comfort Bicycles","Baldwin Bikes","Marcelene Boyer"
841,"Hipolito Padilla","New Rochelle",NY,2017-04-15,2,539.98,"Electra Girl's Hawaii 1 (16-inch) - 2015/2016","Children Bicycles","Baldwin Bikes","Venita Daniel"
841,"Hipolito Padilla","New Rochelle",NY,2017-04-15,1,2999.99,"Trek Conduit+ - 2016","Electric Bikes","Baldwin Bikes","Venita Daniel"
841,"Hipolito Padilla","New Rochelle",NY,2017-04-15,1,1680.99,"Surly Straggler 650b - 2016","Cyclocross Bicycles","Baldwin Bikes","Venita Daniel"
841,"Hipolito Padilla","New Rochelle",NY,2017-04-15,2,419.98,"Trek Precaliber 16 Girls - 2017","Children Bicycles","Baldwin Bikes","Venita Daniel"
841,"Hipolito Padilla","New Rochelle",NY,2017-04-15,1,489.99,"Electra Townie 3i EQ (20-inch) - Boys' - 2017","Children Bicycles","Baldwin Bikes","Venita Daniel"
842,"Dung King","West Islip",NY,2017-04-15,2,2199.98,"Electra Amsterdam Fashion 7i Ladies' - 2017","Cruisers Bicycles","Baldwin Bikes","Marcelene Boyer"
842,"Dung King","West Islip",NY,2017-04-15,1,2299.99,"Trek Fuel EX 5 27.5 Plus - 2017","Mountain Bikes","Baldwin Bikes","Marcelene Boyer"
843,"Season Harvey","East Northport",NY,2017-04-16,1,619.99,"Sun Bicycles Biscayne Tandem 7 - 2017","Cruisers Bicycles","Baldwin Bikes","Venita Daniel"
843,"Season Harvey","East Northport",NY,2017-04-16,2,1199.98,"Electra Cruiser Lux Fat Tire 1 Ladies - 2017","Cruisers Bicycles","Baldwin Bikes","Venita Daniel"
843,"Season Harvey","East Northport",NY,2017-04-16,1,1099.99,"Electra Amsterdam Fashion 7i Ladies' - 2017","Cruisers Bicycles","Baldwin Bikes","Venita Daniel"
843,"Season Harvey","East Northport",NY,2017-04-16,2,599.98,"Electra Girl's Hawaii 1 (20-inch) - 2015/2016","Children Bicycles","Baldwin Bikes","Venita Daniel"
844,"Macie Ayers",Bellmore,NY,2017-04-16,2,805.98,"Sun Bicycles Boardwalk (24-inch Wheels) - 2017","Cruisers Bicycles","Baldwin Bikes","Marcelene Boyer"
844,"Macie Ayers",Bellmore,NY,2017-04-16,1,549.99,"Electra Townie Original 21D - 2016","Cruisers Bicycles","Baldwin Bikes","Marcelene Boyer"
844,"Macie Ayers",Bellmore,NY,2017-04-16,2,299.98,"Trek Boy's Kickster - 2015/2017","Children Bicycles","Baldwin Bikes","Marcelene Boyer"
844,"Macie Ayers",Bellmore,NY,2017-04-16,1,1499.99,"Trek Emonda S 4 - 2017","Road Bikes","Baldwin Bikes","Marcelene Boyer"
844,"Macie Ayers",Bellmore,NY,2017-04-16,2,6999.98,"Trek Boone Race Shop Limited - 2017","Cyclocross Bicycles","Baldwin Bikes","Marcelene Boyer"
845,"Loraine Sykes",Scarsdale,NY,2017-04-17,2,1199.98,"Electra Townie Original 7D EQ - 2016","Cruisers Bicycles","Baldwin Bikes","Venita Daniel"
845,"Loraine Sykes",Scarsdale,NY,2017-04-17,1,599.99,"Electra Cruiser Lux Fat Tire 1 Ladies - 2017","Cruisers Bicycles","Baldwin Bikes","Venita Daniel"
845,"Loraine Sykes",Scarsdale,NY,2017-04-17,2,1199.98,"Electra Townie Original 7D EQ - 2016","Comfort Bicycles","Baldwin Bikes","Venita Daniel"
845,"Loraine Sykes",Scarsdale,NY,2017-04-17,2,1499.98,"Sun Bicycles Brickell Tandem 7 - 2017","Cruisers Bicycles","Baldwin Bikes","Venita Daniel"
845,"Loraine Sykes",Scarsdale,NY,2017-04-17,1,189.99,"Trek Precaliber 12 Girls - 2017","Children Bicycles","Baldwin Bikes","Venita Daniel"
846,"Larae Carney",Sunnyside,NY,2017-04-17,2,2819.98,"Haro SR 1.3 - 2017","Mountain Bikes","Baldwin Bikes","Marcelene Boyer"
846,"Larae Carney",Sunnyside,NY,2017-04-17,1,5299.99,"Trek Remedy 9.8 - 2017","Mountain Bikes","Baldwin Bikes","Marcelene Boyer"
846,"Larae Carney",Sunnyside,NY,2017-04-17,1,416.99,"Sun Bicycles Atlas X-Type - 2017","Cruisers Bicycles","Baldwin Bikes","Marcelene Boyer"
846,"Larae Carney",Sunnyside,NY,2017-04-17,2,1239.98,"Sun Bicycles Biscayne Tandem 7 - 2017","Cruisers Bicycles","Baldwin Bikes","Marcelene Boyer"
846,"Larae Carney",Sunnyside,NY,2017-04-17,2,1103.98,"Sun Bicycles Streamway 3 - 2017","Comfort Bicycles","Baldwin Bikes","Marcelene Boyer"
847,"Marilyn Frank","Port Chester",NY,2017-04-18,2,9999.98,"Trek Powerfly 8 FS Plus - 2017","Electric Bikes","Baldwin Bikes","Venita Daniel"
848,"Rudolf Moran",Maspeth,NY,2017-04-18,1,209.99,"Haro Shredder 20 Girls - 2017","Children Bicycles","Baldwin Bikes","Venita Daniel"
848,"Rudolf Moran",Maspeth,NY,2017-04-18,2,979.98,"Electra Townie 3i EQ (20-inch) - Boys' - 2017","Children Bicycles","Baldwin Bikes","Venita Daniel"
848,"Rudolf Moran",Maspeth,NY,2017-04-18,2,379.98,"Trek Precaliber 12 Girls - 2017","Children Bicycles","Baldwin Bikes","Venita Daniel"
848,"Rudolf Moran",Maspeth,NY,2017-04-18,2,2939.98,"Haro Shift R3 - 2017","Mountain Bikes","Baldwin Bikes","Venita Daniel"
851,"Gabriella Jones","Mount Vernon",NY,2017-04-20,1,999.99,"Surly Ice Cream Truck Frameset - 2017","Mountain Bikes","Baldwin Bikes","Marcelene Boyer"
851,"Gabriella Jones","Mount Vernon",NY,2017-04-20,1,209.99,"Haro Shredder 20 Girls - 2017","Children Bicycles","Baldwin Bikes","Marcelene Boyer"
854,"Carissa Foreman",Maspeth,NY,2017-04-22,1,189.99,"Trek Precaliber 12 Boys - 2017","Children Bicycles","Baldwin Bikes","Marcelene Boyer"
855,"Kermit Hyde",Patchogue,NY,2017-04-22,1,449.00,"Pure Cycles Western 3-Speed - Women's - 2015/2016","Cruisers Bicycles","Baldwin Bikes","Marcelene Boyer"
855,"Kermit Hyde",Patchogue,NY,2017-04-22,2,419.98,"Haro Shredder 20 Girls - 2017","Children Bicycles","Baldwin Bikes","Marcelene Boyer"
855,"Kermit Hyde",Patchogue,NY,2017-04-22,1,209.99,"Trek Precaliber 16 Boys - 2017","Children Bicycles","Baldwin Bikes","Marcelene Boyer"
856,"Arminda Weber",Bellmore,NY,2017-04-23,2,1099.98,"Haro Flightline Two 26 Plus - 2017","Mountain Bikes","Baldwin Bikes","Marcelene Boyer"
857,"Sandee Alvarado",Depew,NY,2017-04-24,1,999.99,"Trek X-Caliber 8 - 2017","Mountain Bikes","Baldwin Bikes","Venita Daniel"
858,"Kam Wilder",Newburgh,NY,2017-04-25,2,1739.98,"Haro SR 1.2 - 2017","Mountain Bikes","Baldwin Bikes","Marcelene Boyer"
858,"Kam Wilder",Newburgh,NY,2017-04-25,1,1320.99,"Heller Shagamaw Frame - 2016","Mountain Bikes","Baldwin Bikes","Marcelene Boyer"
858,"Kam Wilder",Newburgh,NY,2017-04-25,1,269.99,"Electra Girl's Hawaii 1 (16-inch) - 2015/2016","Cruisers Bicycles","Baldwin Bikes","Marcelene Boyer"
858,"Kam Wilder",Newburgh,NY,2017-04-25,2,1499.98,"Sun Bicycles Brickell Tandem 7 - 2017","Cruisers Bicycles","Baldwin Bikes","Marcelene Boyer"
859,"Valentin Mclaughlin",Lindenhurst,NY,2017-04-25,2,1099.98,"Haro Flightline Two 26 Plus - 2017","Mountain Bikes","Baldwin Bikes","Marcelene Boyer"
859,"Valentin Mclaughlin",Lindenhurst,NY,2017-04-25,1,269.99,"Electra Cruiser 1 (24-Inch) - 2016","Cruisers Bicycles","Baldwin Bikes","Marcelene Boyer"
859,"Valentin Mclaughlin",Lindenhurst,NY,2017-04-25,2,539.98,"Electra Girl's Hawaii 1 (16-inch) - 2015/2016","Cruisers Bicycles","Baldwin Bikes","Marcelene Boyer"
859,"Valentin Mclaughlin",Lindenhurst,NY,2017-04-25,2,833.98,"Sun Bicycles Atlas X-Type - 2017","Cruisers Bicycles","Baldwin Bikes","Marcelene Boyer"
859,"Valentin Mclaughlin",Lindenhurst,NY,2017-04-25,2,1665.98,"Surly Troll Frameset - 2017","Mountain Bikes","Baldwin Bikes","Marcelene Boyer"
860,"Lashawna Richardson",Baldwin,NY,2017-04-27,1,469.99,"Surly Ice Cream Truck Frameset - 2016","Mountain Bikes","Baldwin Bikes","Venita Daniel"
860,"Lashawna Richardson",Baldwin,NY,2017-04-27,2,1099.98,"Electra Townie Original 21D - 2016","Comfort Bicycles","Baldwin Bikes","Venita Daniel"
860,"Lashawna Richardson",Baldwin,NY,2017-04-27,1,499.99,"Electra Townie Original 7D - 2015/2016","Comfort Bicycles","Baldwin Bikes","Venita Daniel"
860,"Lashawna Richardson",Baldwin,NY,2017-04-27,2,9999.98,"Trek Madone 9.2 - 2017","Road Bikes","Baldwin Bikes","Venita Daniel"
860,"Lashawna Richardson",Baldwin,NY,2017-04-27,2,599.98,"Electra Girl's Hawaii 1 16" - 2017","Children Bicycles","Baldwin Bikes","Venita Daniel"
861,"Charlesetta Soto",Poughkeepsie,NY,2017-04-27,2,539.98,"Electra Girl's Hawaii 1 (16-inch) - 2015/2016","Cruisers Bicycles","Baldwin Bikes","Venita Daniel"
861,"Charlesetta Soto",Poughkeepsie,NY,2017-04-27,1,3499.99,"Trek Boone 7 - 2017","Cyclocross Bicycles","Baldwin Bikes","Venita Daniel"
863,"Nathanael Bradley",Amsterdam,NY,2017-04-28,2,419.98,"Haro Shredder 20 Girls - 2017","Children Bicycles","Baldwin Bikes","Venita Daniel"
864,"Elease Dejesus",Oswego,NY,2017-04-28,1,379.99,"Haro Flightline One ST - 2017","Mountain Bikes","Baldwin Bikes","Marcelene Boyer"
864,"Elease Dejesus",Oswego,NY,2017-04-28,2,693.98,"Sun Bicycles Lil Bolt Type-R - 2017","Cruisers Bicycles","Baldwin Bikes","Marcelene Boyer"
864,"Elease Dejesus",Oswego,NY,2017-04-28,1,269.99,"Electra Cruiser 1 (24-Inch) - 2016","Cruisers Bicycles","Baldwin Bikes","Marcelene Boyer"
865,"Marcell Barrett",Astoria,NY,2017-04-29,2,833.98,"Sun Bicycles Cruz 7 - Women's - 2017","Comfort Bicycles","Baldwin Bikes","Marcelene Boyer"
865,"Marcell Barrett",Astoria,NY,2017-04-29,1,469.99,"Trek Session DH 27.5 Carbon Frameset - 2017","Mountain Bikes","Baldwin Bikes","Marcelene Boyer"
866,"Lurlene Finch",Yonkers,NY,2017-04-29,1,189.99,"Trek Precaliber 12 Girls - 2017","Children Bicycles","Baldwin Bikes","Marcelene Boyer"
866,"Lurlene Finch",Yonkers,NY,2017-04-29,2,501.98,"Sun Bicycles Revolutions 24 - Girl's - 2017","Cruisers Bicycles","Baldwin Bikes","Marcelene Boyer"
866,"Lurlene Finch",Yonkers,NY,2017-04-29,1,761.99,"Sun Bicycles Brickell Tandem CB - 2017","Cruisers Bicycles","Baldwin Bikes","Marcelene Boyer"
866,"Lurlene Finch",Yonkers,NY,2017-04-29,2,539.98,"Electra Cruiser 1 (24-Inch) - 2016","Cruisers Bicycles","Baldwin Bikes","Marcelene Boyer"
869,"Felica Munoz","South Ozone Park",NY,2017-05-01,1,3999.99,"Trek Slash 8 27.5 - 2016","Mountain Bikes","Baldwin Bikes","Venita Daniel"
869,"Felica Munoz","South Ozone Park",NY,2017-05-01,2,899.98,"Sun Bicycles Cruz 3 - 2017","Comfort Bicycles","Baldwin Bikes","Venita Daniel"
869,"Felica Munoz","South Ozone Park",NY,2017-05-01,1,469.99,"Surly Wednesday Frameset - 2017","Mountain Bikes","Baldwin Bikes","Venita Daniel"
869,"Felica Munoz","South Ozone Park",NY,2017-05-01,2,5399.98,"Trek Domane S 6 - 2017","Road Bikes","Baldwin Bikes","Venita Daniel"
869,"Felica Munoz","South Ozone Park",NY,2017-05-01,2,693.98,"Sun Bicycles Lil Bolt Type-R - 2017","Cruisers Bicycles","Baldwin Bikes","Venita Daniel"
870,"Miranda Kennedy",Astoria,NY,2017-05-01,1,3499.99,"Trek Boone Race Shop Limited - 2017","Cyclocross Bicycles","Baldwin Bikes","Marcelene Boyer"
871,"Kandace Giles",Wantagh,NY,2017-05-02,1,449.99,"Sun Bicycles Cruz 3 - 2017","Comfort Bicycles","Baldwin Bikes","Venita Daniel"
871,"Kandace Giles",Wantagh,NY,2017-05-02,1,549.99,"Haro Flightline Two 26 Plus - 2017","Mountain Bikes","Baldwin Bikes","Venita Daniel"
871,"Kandace Giles",Wantagh,NY,2017-05-02,2,1999.98,"Surly Ice Cream Truck Frameset - 2017","Mountain Bikes","Baldwin Bikes","Venita Daniel"
871,"Kandace Giles",Wantagh,NY,2017-05-02,2,833.98,"Sun Bicycles Cruz 7 - 2017","Comfort Bicycles","Baldwin Bikes","Venita Daniel"
873,"Marcy Rodriguez",Lockport,NY,2017-05-03,2,939.98,"Trek Farley Alloy Frameset - 2017","Mountain Bikes","Baldwin Bikes","Venita Daniel"
874,"Trena Hudson",Monroe,NY,2017-05-04,1,5499.99,"Trek Domane SLR 6 Disc - 2017","Road Bikes","Baldwin Bikes","Venita Daniel"
874,"Trena Hudson",Monroe,NY,2017-05-04,2,1999.98,"Surly Big Dummy Frameset - 2017","Mountain Bikes","Baldwin Bikes","Venita Daniel"
874,"Trena Hudson",Monroe,NY,2017-05-04,1,749.99,"Sun Bicycles Brickell Tandem 7 - 2017","Cruisers Bicycles","Baldwin Bikes","Venita Daniel"
874,"Trena Hudson",Monroe,NY,2017-05-04,2,1599.98,"Electra Glam Punk 3i Ladies' - 2017","Cruisers Bicycles","Baldwin Bikes","Venita Daniel"
876,"Dane Mcdaniel",Canandaigua,NY,2017-05-05,2,858.00,"Pure Cycles Vine 8-Speed - 2016","Cruisers Bicycles","Baldwin Bikes","Venita Daniel"
876,"Dane Mcdaniel",Canandaigua,NY,2017-05-05,2,501.98,"Sun Bicycles Revolutions 24 - 2017","Cruisers Bicycles","Baldwin Bikes","Venita Daniel"
876,"Dane Mcdaniel",Canandaigua,NY,2017-05-05,1,349.99,"Electra Moto 3i (20-inch) - Boy's - 2017","Children Bicycles","Baldwin Bikes","Venita Daniel"
876,"Dane Mcdaniel",Canandaigua,NY,2017-05-05,2,833.98,"Sun Bicycles Cruz 7 - 2017","Comfort Bicycles","Baldwin Bikes","Venita Daniel"
877,"Debbra Jacobson","Ballston Spa",NY,2017-05-06,1,749.99,"Sun Bicycles Brickell Tandem 7 - 2017","Cruisers Bicycles","Baldwin Bikes","Marcelene Boyer"
877,"Debbra Jacobson","Ballston Spa",NY,2017-05-06,1,551.99,"Sun Bicycles Streamway 3 - 2017","Comfort Bicycles","Baldwin Bikes","Marcelene Boyer"
879,"Ross Pugh","North Tonawanda",NY,2017-05-08,2,979.98,"Electra Townie 3i EQ (20-inch) - Boys' - 2017","Children Bicycles","Baldwin Bikes","Venita Daniel"
879,"Ross Pugh","North Tonawanda",NY,2017-05-08,2,1499.98,"Ritchey Timberwolf Frameset - 2016","Mountain Bikes","Baldwin Bikes","Venita Daniel"
879,"Ross Pugh","North Tonawanda",NY,2017-05-08,2,299.98,"Trek Boy's Kickster - 2015/2017","Children Bicycles","Baldwin Bikes","Venita Daniel"
879,"Ross Pugh","North Tonawanda",NY,2017-05-08,1,659.99,"Electra Amsterdam Original 3i Ladies' - 2017","Cruisers Bicycles","Baldwin Bikes","Venita Daniel"
880,"Mercy Brown",Hollis,NY,2017-05-08,2,4999.98,"Surly Karate Monkey 27.5+ Frameset - 2017","Mountain Bikes","Baldwin Bikes","Marcelene Boyer"
880,"Mercy Brown",Hollis,NY,2017-05-08,1,299.99,"Electra Girl's Hawaii 1 16" - 2017","Children Bicycles","Baldwin Bikes","Marcelene Boyer"
880,"Mercy Brown",Hollis,NY,2017-05-08,1,1320.99,"Heller Shagamaw Frame - 2016","Mountain Bikes","Baldwin Bikes","Marcelene Boyer"
880,"Mercy Brown",Hollis,NY,2017-05-08,1,599.99,"Electra Townie Original 7D EQ - 2016","Comfort Bicycles","Baldwin Bikes","Marcelene Boyer"
880,"Mercy Brown",Hollis,NY,2017-05-08,1,250.99,"Sun Bicycles Revolutions 24 - 2017","Cruisers Bicycles","Baldwin Bikes","Marcelene Boyer"
882,"Edythe Valencia","North Tonawanda",NY,2017-05-09,2,6999.98,"Trek Boone Race Shop Limited - 2017","Cyclocross Bicycles","Baldwin Bikes","Marcelene Boyer"
882,"Edythe Valencia","North Tonawanda",NY,2017-05-09,2,899.98,"Sun Bicycles Cruz 3 - Women's - 2017","Comfort Bicycles","Baldwin Bikes","Marcelene Boyer"
882,"Edythe Valencia","North Tonawanda",NY,2017-05-09,2,3999.98,"Trek Emonda S 5 - 2017","Road Bikes","Baldwin Bikes","Marcelene Boyer"
883,"Sheree Pena","Staten Island",NY,2017-05-11,1,539.99,"Haro SR 1.1 - 2017","Mountain Bikes","Baldwin Bikes","Marcelene Boyer"
883,"Sheree Pena","Staten Island",NY,2017-05-11,2,2641.98,"Heller Shagamaw Frame - 2016","Mountain Bikes","Baldwin Bikes","Marcelene Boyer"
884,"Erlinda Humphrey","New Windsor",NY,2017-05-11,2,6999.98,"Trek Domane SL 6 - 2017","Road Bikes","Baldwin Bikes","Venita Daniel"
884,"Erlinda Humphrey","New Windsor",NY,2017-05-11,2,833.98,"Sun Bicycles Cruz 7 - 2017","Cruisers Bicycles","Baldwin Bikes","Venita Daniel"
884,"Erlinda Humphrey","New Windsor",NY,2017-05-11,2,2819.98,"Haro SR 1.3 - 2017","Mountain Bikes","Baldwin Bikes","Venita Daniel"
884,"Erlinda Humphrey","New Windsor",NY,2017-05-11,1,1549.00,"Surly Straggler - 2016","Cyclocross Bicycles","Baldwin Bikes","Venita Daniel"
884,"Erlinda Humphrey","New Windsor",NY,2017-05-11,2,539.98,"Electra Cruiser 1 (24-Inch) - 2016","Children Bicycles","Baldwin Bikes","Venita Daniel"
887,"Chantell Bridges",Buffalo,NY,2017-05-13,2,11999.98,"Trek Silque SLR 7 Women's - 2017","Road Bikes","Baldwin Bikes","Marcelene Boyer"
887,"Chantell Bridges",Buffalo,NY,2017-05-13,1,659.99,"Electra Amsterdam Original 3i - 2015/2017","Cruisers Bicycles","Baldwin Bikes","Marcelene Boyer"
888,"Garry Juarez","Forest Hills",NY,2017-05-14,2,939.98,"Surly Wednesday Frameset - 2017","Mountain Bikes","Baldwin Bikes","Venita Daniel"
888,"Garry Juarez","Forest Hills",NY,2017-05-14,2,1199.98,"Electra Townie Original 7D EQ - 2016","Comfort Bicycles","Baldwin Bikes","Venita Daniel"
890,"Miriam Baker",Uniondale,NY,2017-05-15,2,1199.98,"Electra Townie Original 7D EQ - 2016","Cruisers Bicycles","Baldwin Bikes","Marcelene Boyer"
890,"Miriam Baker",Uniondale,NY,2017-05-15,2,1067.98,"Sun Bicycles Streamway 7 - 2017","Comfort Bicycles","Baldwin Bikes","Marcelene Boyer"
890,"Miriam Baker",Uniondale,NY,2017-05-15,1,875.99,"Surly Steamroller - 2017","Road Bikes","Baldwin Bikes","Marcelene Boyer"
890,"Miriam Baker",Uniondale,NY,2017-05-15,1,250.99,"Sun Bicycles Revolutions 24 - Girl's - 2017","Cruisers Bicycles","Baldwin Bikes","Marcelene Boyer"
890,"Miriam Baker",Uniondale,NY,2017-05-15,2,693.98,"Sun Bicycles Lil Bolt Type-R - 2017","Cruisers Bicycles","Baldwin Bikes","Marcelene Boyer"
891,"Aimee Merritt",Flushing,NY,2017-05-15,2,833.98,"Sun Bicycles Cruz 7 - 2017","Comfort Bicycles","Baldwin Bikes","Marcelene Boyer"
891,"Aimee Merritt",Flushing,NY,2017-05-15,1,469.99,"Trek Farley Alloy Frameset - 2017","Mountain Bikes","Baldwin Bikes","Marcelene Boyer"
891,"Aimee Merritt",Flushing,NY,2017-05-15,2,1665.98,"Sun Bicycles Spider 3i - 2017","Mountain Bikes","Baldwin Bikes","Marcelene Boyer"
891,"Aimee Merritt",Flushing,NY,2017-05-15,1,5999.99,"Trek Silque SLR 7 Women's - 2017","Road Bikes","Baldwin Bikes","Marcelene Boyer"
892,"Laure Pena","Wappingers Falls",NY,2017-05-15,1,832.99,"Surly Troll Frameset - 2017","Mountain Bikes","Baldwin Bikes","Venita Daniel"
892,"Laure Pena","Wappingers Falls",NY,2017-05-15,2,5999.98,"Trek Conduit+ - 2016","Electric Bikes","Baldwin Bikes","Venita Daniel"
892,"Laure Pena","Wappingers Falls",NY,2017-05-15,2,11999.98,"Trek Silque SLR 7 Women's - 2017","Road Bikes","Baldwin Bikes","Venita Daniel"
892,"Laure Pena","Wappingers Falls",NY,2017-05-15,1,189.99,"Trek Precaliber 12 Girls - 2017","Children Bicycles","Baldwin Bikes","Venita Daniel"
893,"Sally Kinney","Floral Park",NY,2017-05-16,2,501.98,"Sun Bicycles Revolutions 24 - Girl's - 2017","Cruisers Bicycles","Baldwin Bikes","Venita Daniel"
893,"Sally Kinney","Floral Park",NY,2017-05-16,1,869.99,"Haro SR 1.2 - 2017","Mountain Bikes","Baldwin Bikes","Venita Daniel"
894,"Obdulia Barber",Newburgh,NY,2017-05-16,2,679.98,"Electra Townie 7D (20-inch) - Boys' - 2017","Children Bicycles","Baldwin Bikes","Marcelene Boyer"
895,"Inga Koch","New Windsor",NY,2017-05-18,1,449.99,"Sun Bicycles Cruz 3 - 2017","Comfort Bicycles","Baldwin Bikes","Marcelene Boyer"
898,"Josef Greer",Jamaica,NY,2017-05-20,2,1739.98,"Haro SR 1.2 - 2017","Mountain Bikes","Baldwin Bikes","Marcelene Boyer"
898,"Josef Greer",Jamaica,NY,2017-05-20,1,599.99,"Electra Townie Original 7D EQ - 2016","Cruisers Bicycles","Baldwin Bikes","Marcelene Boyer"
898,"Josef Greer",Jamaica,NY,2017-05-20,2,3999.98,"Trek Emonda S 5 - 2017","Road Bikes","Baldwin Bikes","Marcelene Boyer"
898,"Josef Greer",Jamaica,NY,2017-05-20,2,833.98,"Sun Bicycles Cruz 7 - 2017","Cruisers Bicycles","Baldwin Bikes","Marcelene Boyer"
899,"Renita Henry","New Rochelle",NY,2017-05-20,2,5199.98,"Trek Domane S 5 Disc - 2017","Road Bikes","Baldwin Bikes","Venita Daniel"
899,"Renita Henry","New Rochelle",NY,2017-05-20,1,429.00,"Pure Cycles Vine 8-Speed - 2016","Cruisers Bicycles","Baldwin Bikes","Venita Daniel"
899,"Renita Henry","New Rochelle",NY,2017-05-20,1,469.99,"Surly Ice Cream Truck Frameset - 2016","Mountain Bikes","Baldwin Bikes","Venita Daniel"
900,"Samual Warner",Brentwood,NY,2017-05-20,2,1199.98,"Electra Townie Original 7D EQ - 2016","Comfort Bicycles","Baldwin Bikes","Marcelene Boyer"
900,"Samual Warner",Brentwood,NY,2017-05-20,1,449.99,"Sun Bicycles Cruz 3 - Women's - 2017","Comfort Bicycles","Baldwin Bikes","Marcelene Boyer"
900,"Samual Warner",Brentwood,NY,2017-05-20,1,209.99,"Trek Precaliber 16 Boys - 2017","Children Bicycles","Baldwin Bikes","Marcelene Boyer"
900,"Samual Warner",Brentwood,NY,2017-05-20,2,9999.98,"Trek Powerfly 8 FS Plus - 2017","Electric Bikes","Baldwin Bikes","Marcelene Boyer"
900,"Samual Warner",Brentwood,NY,2017-05-20,2,4999.98,"Surly Karate Monkey 27.5+ Frameset - 2017","Mountain Bikes","Baldwin Bikes","Marcelene Boyer"
901,"Mi Gray",Albany,NY,2017-05-21,1,5999.99,"Trek Silque SLR 7 Women's - 2017","Road Bikes","Baldwin Bikes","Venita Daniel"
901,"Mi Gray",Albany,NY,2017-05-21,1,5299.99,"Trek Fuel EX 9.8 27.5 Plus - 2017","Mountain Bikes","Baldwin Bikes","Venita Daniel"
902,"Loan Graham","Jackson Heights",NY,2017-05-21,2,1099.98,"Haro Flightline Two 26 Plus - 2017","Mountain Bikes","Baldwin Bikes","Marcelene Boyer"
902,"Loan Graham","Jackson Heights",NY,2017-05-21,1,209.99,"Haro Shredder 20 - 2017","Children Bicycles","Baldwin Bikes","Marcelene Boyer"
902,"Loan Graham","Jackson Heights",NY,2017-05-21,1,549.99,"Electra Townie Original 21D - 2016","Cruisers Bicycles","Baldwin Bikes","Marcelene Boyer"
902,"Loan Graham","Jackson Heights",NY,2017-05-21,2,599.98,"Electra Girl's Hawaii 1 16" - 2017","Cruisers Bicycles","Baldwin Bikes","Marcelene Boyer"
903,"Deane Sears",Pittsford,NY,2017-05-22,2,3265.98,"Surly Wednesday - 2017","Mountain Bikes","Baldwin Bikes","Venita Daniel"
903,"Deane Sears",Pittsford,NY,2017-05-22,2,2999.98,"Trek Emonda S 4 - 2017","Road Bikes","Baldwin Bikes","Venita Daniel"
905,"Eliana Reese",Woodhaven,NY,2017-05-23,1,250.99,"Sun Bicycles Revolutions 24 - Girl's - 2017","Cruisers Bicycles","Baldwin Bikes","Marcelene Boyer"
905,"Eliana Reese",Woodhaven,NY,2017-05-23,2,6999.98,"Trek Boone 7 - 2017","Cyclocross Bicycles","Baldwin Bikes","Marcelene Boyer"
905,"Eliana Reese",Woodhaven,NY,2017-05-23,2,4599.98,"Trek Fuel EX 5 27.5 Plus - 2017","Mountain Bikes","Baldwin Bikes","Marcelene Boyer"
905,"Eliana Reese",Woodhaven,NY,2017-05-23,1,599.99,"Electra Townie Original 7D EQ - Women's - 2016","Cruisers Bicycles","Baldwin Bikes","Marcelene Boyer"
906,"Janine Manning","Howard Beach",NY,2017-05-23,2,599.98,"Electra Girl's Hawaii 1 (20-inch) - 2015/2016","Children Bicycles","Baldwin Bikes","Venita Daniel"
906,"Janine Manning","Howard Beach",NY,2017-05-23,2,4999.98,"Surly Karate Monkey 27.5+ Frameset - 2017","Mountain Bikes","Baldwin Bikes","Venita Daniel"
906,"Janine Manning","Howard Beach",NY,2017-05-23,1,1409.99,"Haro SR 1.3 - 2017","Mountain Bikes","Baldwin Bikes","Venita Daniel"
906,"Janine Manning","Howard Beach",NY,2017-05-23,2,979.98,"Electra Townie Original 7D - 2017","Comfort Bicycles","Baldwin Bikes","Venita Daniel"
906,"Janine Manning","Howard Beach",NY,2017-05-23,2,539.98,"Electra Girl's Hawaii 1 (16-inch) - 2015/2016","Children Bicycles","Baldwin Bikes","Venita Daniel"
908,"Kerrie Morton",Pittsford,NY,2017-05-25,1,1469.99,"Haro Shift R3 - 2017","Mountain Bikes","Baldwin Bikes","Venita Daniel"
908,"Kerrie Morton",Pittsford,NY,2017-05-25,1,249.99,"Haro Shredder Pro 20 - 2017","Children Bicycles","Baldwin Bikes","Venita Daniel"
908,"Kerrie Morton",Pittsford,NY,2017-05-25,2,979.98,"Electra Townie Original 7D - 2017","Comfort Bicycles","Baldwin Bikes","Venita Daniel"
910,"Cassondra Pruitt",Merrick,NY,2017-05-26,1,299.99,"Electra Girl's Hawaii 1 (20-inch) - 2015/2016","Children Bicycles","Baldwin Bikes","Venita Daniel"
911,"Graig Cannon",Syosset,NY,2017-05-26,2,501.98,"Sun Bicycles Revolutions 24 - 2017","Cruisers Bicycles","Baldwin Bikes","Marcelene Boyer"
911,"Graig Cannon",Syosset,NY,2017-05-26,1,449.99,"Sun Bicycles Cruz 3 - 2017","Comfort Bicycles","Baldwin Bikes","Marcelene Boyer"
911,"Graig Cannon",Syosset,NY,2017-05-26,2,699.98,"Trek Precaliber 24 (21-Speed) - Girls - 2017","Children Bicycles","Baldwin Bikes","Marcelene Boyer"
911,"Graig Cannon",Syosset,NY,2017-05-26,1,3499.99,"Trek Domane SL 6 - 2017","Road Bikes","Baldwin Bikes","Marcelene Boyer"
913,"Zella Fernandez","Rockville Centre",NY,2017-05-27,2,419.98,"Trek Precaliber 16 Girls - 2017","Children Bicycles","Baldwin Bikes","Marcelene Boyer"
913,"Zella Fernandez","Rockville Centre",NY,2017-05-27,2,1099.98,"Electra Townie Original 21D - 2016","Comfort Bicycles","Baldwin Bikes","Marcelene Boyer"
915,"Judith Finley",Whitestone,NY,2017-05-28,1,489.99,"Electra Townie Original 7D - 2017","Cruisers Bicycles","Baldwin Bikes","Marcelene Boyer"
915,"Judith Finley",Whitestone,NY,2017-05-28,1,1499.99,"Trek Emonda S 4 - 2017","Road Bikes","Baldwin Bikes","Marcelene Boyer"
915,"Judith Finley",Whitestone,NY,2017-05-28,1,2299.99,"Trek Fuel EX 5 27.5 Plus - 2017","Mountain Bikes","Baldwin Bikes","Marcelene Boyer"
915,"Judith Finley",Whitestone,NY,2017-05-28,1,749.99,"Ritchey Timberwolf Frameset - 2016","Mountain Bikes","Baldwin Bikes","Marcelene Boyer"
916,"Luciana Mcgee",Selden,NY,2017-05-28,1,209.99,"Haro Shredder 20 - 2017","Children Bicycles","Baldwin Bikes","Marcelene Boyer"
919,"Tajuana Riddle",Bayside,NY,2017-05-30,1,3999.99,"Trek Slash 8 27.5 - 2016","Mountain Bikes","Baldwin Bikes","Venita Daniel"
919,"Tajuana Riddle",Bayside,NY,2017-05-30,1,539.99,"Haro SR 1.1 - 2017","Mountain Bikes","Baldwin Bikes","Venita Daniel"
920,"Novella Patel","Glen Cove",NY,2017-05-30,1,299.99,"Electra Girl's Hawaii 1 16" - 2017","Cruisers Bicycles","Baldwin Bikes","Venita Daniel"
920,"Novella Patel","Glen Cove",NY,2017-05-30,2,2999.98,"Trek Stache 5 - 2017","Mountain Bikes","Baldwin Bikes","Venita Daniel"
920,"Novella Patel","Glen Cove",NY,2017-05-30,1,647.99,"Sun Bicycles Biscayne Tandem CB - 2017","Cruisers Bicycles","Baldwin Bikes","Venita Daniel"
920,"Novella Patel","Glen Cove",NY,2017-05-30,2,1523.98,"Sun Bicycles Brickell Tandem CB - 2017","Cruisers Bicycles","Baldwin Bikes","Venita Daniel"
921,"Ehtel Cobb",Lockport,NY,2017-05-31,1,799.99,"Electra Glam Punk 3i Ladies' - 2017","Cruisers Bicycles","Baldwin Bikes","Marcelene Boyer"
921,"Ehtel Cobb",Lockport,NY,2017-05-31,2,1199.98,"Electra Cruiser Lux Fat Tire 1 Ladies - 2017","Cruisers Bicycles","Baldwin Bikes","Marcelene Boyer"
921,"Ehtel Cobb",Lockport,NY,2017-05-31,1,1499.99,"Trek Emonda S 4 - 2017","Road Bikes","Baldwin Bikes","Marcelene Boyer"
922,"Romana Barnes","Floral Park",NY,2017-05-31,1,449.99,"Sun Bicycles Cruz 3 - 2017","Cruisers Bicycles","Baldwin Bikes","Marcelene Boyer"
922,"Romana Barnes","Floral Park",NY,2017-05-31,1,749.99,"Sun Bicycles Brickell Tandem 7 - 2017","Cruisers Bicycles","Baldwin Bikes","Marcelene Boyer"
922,"Romana Barnes","Floral Park",NY,2017-05-31,1,149.99,"Trek Girl's Kickster - 2017","Children Bicycles","Baldwin Bikes","Marcelene Boyer"
923,"Agatha Melton","Springfield Gardens",NY,2017-05-31,2,879.98,"Electra Cruiser Lux 1 - 2017","Cruisers Bicycles","Baldwin Bikes","Venita Daniel"
923,"Agatha Melton","Springfield Gardens",NY,2017-05-31,1,469.99,"Surly Ice Cream Truck Frameset - 2016","Mountain Bikes","Baldwin Bikes","Venita Daniel"
925,"Conrad Mueller",Massapequa,NY,2017-06-02,1,349.99,"Electra Savannah 3i (20-inch) - Girl's - 2017","Children Bicycles","Baldwin Bikes","Venita Daniel"
925,"Conrad Mueller",Massapequa,NY,2017-06-02,2,6999.98,"Trek Boone 7 - 2017","Cyclocross Bicycles","Baldwin Bikes","Venita Daniel"
929,"Myron Ruiz",Amityville,NY,2017-06-05,1,659.99,"Electra Amsterdam Original 3i Ladies' - 2017","Cruisers Bicycles","Baldwin Bikes","Marcelene Boyer"
929,"Myron Ruiz",Amityville,NY,2017-06-05,2,6999.98,"Trek Boone Race Shop Limited - 2017","Cyclocross Bicycles","Baldwin Bikes","Marcelene Boyer"
929,"Myron Ruiz",Amityville,NY,2017-06-05,1,549.99,"Electra Townie Original 21D - 2016","Comfort Bicycles","Baldwin Bikes","Marcelene Boyer"
931,"Tressa Weiss",Ossining,NY,2017-06-07,2,6999.98,"Trek Domane SL 6 - 2017","Road Bikes","Baldwin Bikes","Marcelene Boyer"
931,"Tressa Weiss",Ossining,NY,2017-06-07,1,299.99,"Electra Girl's Hawaii 1 16" - 2017","Cruisers Bicycles","Baldwin Bikes","Marcelene Boyer"
932,"Douglas Richards","Valley Stream",NY,2017-06-07,1,439.99,"Electra Cruiser Lux 1 - 2017","Cruisers Bicycles","Baldwin Bikes","Marcelene Boyer"
933,"Alita Salinas",Uniondale,NY,2017-06-07,1,799.99,"Electra Glam Punk 3i Ladies' - 2017","Cruisers Bicycles","Baldwin Bikes","Marcelene Boyer"
933,"Alita Salinas",Uniondale,NY,2017-06-07,1,269.99,"Electra Cruiser 1 (24-Inch) - 2016","Children Bicycles","Baldwin Bikes","Marcelene Boyer"
933,"Alita Salinas",Uniondale,NY,2017-06-07,2,1199.98,"Electra Cruiser Lux Fat Tire 1 Ladies - 2017","Cruisers Bicycles","Baldwin Bikes","Marcelene Boyer"
934,"Corrina Sawyer",Troy,NY,2017-06-09,2,1665.98,"Sun Bicycles Spider 3i - 2017","Mountain Bikes","Baldwin Bikes","Venita Daniel"
934,"Corrina Sawyer",Troy,NY,2017-06-09,1,1499.99,"Trek Emonda S 4 - 2017","Road Bikes","Baldwin Bikes","Venita Daniel"
934,"Corrina Sawyer",Troy,NY,2017-06-09,1,449.00,"Pure Cycles Western 3-Speed - Women's - 2015/2016","Cruisers Bicycles","Baldwin Bikes","Venita Daniel"
934,"Corrina Sawyer",Troy,NY,2017-06-09,1,4999.99,"Trek Powerfly 8 FS Plus - 2017","Electric Bikes","Baldwin Bikes","Venita Daniel"
934,"Corrina Sawyer",Troy,NY,2017-06-09,2,10999.98,"Trek Domane SLR 6 Disc - 2017","Road Bikes","Baldwin Bikes","Venita Daniel"
936,"Mellisa Farley","Central Islip",NY,2017-06-10,1,659.99,"Electra Amsterdam Original 3i - 2015/2017","Cruisers Bicycles","Baldwin Bikes","Marcelene Boyer"
936,"Mellisa Farley","Central Islip",NY,2017-06-10,1,539.99,"Haro SR 1.1 - 2017","Mountain Bikes","Baldwin Bikes","Marcelene Boyer"
937,"Melanie Hayes",Liverpool,NY,2017-06-11,2,899.98,"Sun Bicycles Cruz 3 - Women's - 2017","Comfort Bicycles","Baldwin Bikes","Venita Daniel"
937,"Melanie Hayes",Liverpool,NY,2017-06-11,2,12999.98,"Trek Silque SLR 8 Women's - 2017","Road Bikes","Baldwin Bikes","Venita Daniel"
937,"Melanie Hayes",Liverpool,NY,2017-06-11,2,9999.98,"Trek Madone 9.2 - 2017","Road Bikes","Baldwin Bikes","Venita Daniel"
937,"Melanie Hayes",Liverpool,NY,2017-06-11,2,4999.98,"Surly Karate Monkey 27.5+ Frameset - 2017","Mountain Bikes","Baldwin Bikes","Venita Daniel"
937,"Melanie Hayes",Liverpool,NY,2017-06-11,1,250.99,"Sun Bicycles Revolutions 24 - 2017","Cruisers Bicycles","Baldwin Bikes","Venita Daniel"
938,"Walton Dejesus",Lockport,NY,2017-06-11,1,2899.99,"Trek Fuel EX 8 29 - 2016","Mountain Bikes","Baldwin Bikes","Marcelene Boyer"
938,"Walton Dejesus",Lockport,NY,2017-06-11,1,269.99,"Electra Cruiser 1 (24-Inch) - 2016","Cruisers Bicycles","Baldwin Bikes","Marcelene Boyer"
939,"Hugh Craft",Centereach,NY,2017-06-11,1,1320.99,"Heller Shagamaw Frame - 2016","Mountain Bikes","Baldwin Bikes","Marcelene Boyer"
939,"Hugh Craft",Centereach,NY,2017-06-11,2,833.98,"Sun Bicycles Cruz 7 - 2017","Comfort Bicycles","Baldwin Bikes","Marcelene Boyer"
942,"Carter Bentley",Carmel,NY,2017-06-13,2,979.98,"Electra Straight 8 3i (20-inch) - Boy's - 2017","Children Bicycles","Baldwin Bikes","Marcelene Boyer"
942,"Carter Bentley",Carmel,NY,2017-06-13,2,941.98,"Sun Bicycles Drifter 7 - 2017","Comfort Bicycles","Baldwin Bikes","Marcelene Boyer"
942,"Carter Bentley",Carmel,NY,2017-06-13,2,1665.98,"Sun Bicycles Spider 3i - 2017","Mountain Bikes","Baldwin Bikes","Marcelene Boyer"
942,"Carter Bentley",Carmel,NY,2017-06-13,1,551.99,"Sun Bicycles Streamway 3 - 2017","Comfort Bicycles","Baldwin Bikes","Marcelene Boyer"
942,"Carter Bentley",Carmel,NY,2017-06-13,1,489.99,"Electra Townie 3i EQ (20-inch) - Boys' - 2017","Children Bicycles","Baldwin Bikes","Marcelene Boyer"
943,"Daphine Willis",Farmingdale,NY,2017-06-13,1,499.99,"Electra Townie Original 7D - 2015/2016","Comfort Bicycles","Baldwin Bikes","Marcelene Boyer"
943,"Daphine Willis",Farmingdale,NY,2017-06-13,1,659.99,"Electra Amsterdam Original 3i Ladies' - 2017","Cruisers Bicycles","Baldwin Bikes","Marcelene Boyer"
945,"Loreta Johnston","Spring Valley",NY,2017-06-14,1,533.99,"Sun Bicycles Streamway 7 - 2017","Comfort Bicycles","Baldwin Bikes","Venita Daniel"
945,"Loreta Johnston","Spring Valley",NY,2017-06-14,2,499.98,"Haro Shredder Pro 20 - 2017","Children Bicycles","Baldwin Bikes","Venita Daniel"
945,"Loreta Johnston","Spring Valley",NY,2017-06-14,2,939.98,"Trek Session DH 27.5 Carbon Frameset - 2017","Mountain Bikes","Baldwin Bikes","Venita Daniel"
945,"Loreta Johnston","Spring Valley",NY,2017-06-14,2,1079.98,"Haro SR 1.1 - 2017","Mountain Bikes","Baldwin Bikes","Venita Daniel"
945,"Loreta Johnston","Spring Valley",NY,2017-06-14,2,11999.98,"Trek Silque SLR 7 Women's - 2017","Road Bikes","Baldwin Bikes","Venita Daniel"
946,"Andreas Mayer","New Rochelle",NY,2017-06-14,1,3999.99,"Trek Slash 8 27.5 - 2016","Mountain Bikes","Baldwin Bikes","Marcelene Boyer"
946,"Andreas Mayer","New Rochelle",NY,2017-06-14,2,659.98,"Haro Downtown 16 - 2017","Children Bicycles","Baldwin Bikes","Marcelene Boyer"
946,"Andreas Mayer","New Rochelle",NY,2017-06-14,1,3499.99,"Trek Boone 7 - 2017","Cyclocross Bicycles","Baldwin Bikes","Marcelene Boyer"
946,"Andreas Mayer","New Rochelle",NY,2017-06-14,2,539.98,"Electra Girl's Hawaii 1 (16-inch) - 2015/2016","Children Bicycles","Baldwin Bikes","Marcelene Boyer"
946,"Andreas Mayer","New Rochelle",NY,2017-06-14,2,10999.98,"Trek Domane SLR 6 Disc - 2017","Road Bikes","Baldwin Bikes","Marcelene Boyer"
948,"Skye Pope","Richmond Hill",NY,2017-06-15,2,599.98,"Electra Girl's Hawaii 1 (20-inch) - 2015/2016","Children Bicycles","Baldwin Bikes","Marcelene Boyer"
948,"Skye Pope","Richmond Hill",NY,2017-06-15,2,1199.98,"Electra Townie Original 7D EQ - Women's - 2016","Cruisers Bicycles","Baldwin Bikes","Marcelene Boyer"
948,"Skye Pope","Richmond Hill",NY,2017-06-15,1,339.99,"Electra Townie 7D (20-inch) - Boys' - 2017","Children Bicycles","Baldwin Bikes","Marcelene Boyer"
948,"Skye Pope","Richmond Hill",NY,2017-06-15,2,419.98,"Haro Shredder 20 - 2017","Children Bicycles","Baldwin Bikes","Marcelene Boyer"
948,"Skye Pope","Richmond Hill",NY,2017-06-15,2,1239.98,"Sun Bicycles Biscayne Tandem 7 - 2017","Cruisers Bicycles","Baldwin Bikes","Marcelene Boyer"
950,"Nicholas Vazquez","West Hempstead",NY,2017-06-16,1,5499.99,"Trek Domane SLR 6 Disc - 2017","Road Bikes","Baldwin Bikes","Marcelene Boyer"
951,"Tamela Harrell","Central Islip",NY,2017-06-16,1,2599.99,"Trek Domane S 5 Disc - 2017","Road Bikes","Baldwin Bikes","Venita Daniel"
951,"Tamela Harrell","Central Islip",NY,2017-06-16,2,10599.98,"Trek Fuel EX 9.8 27.5 Plus - 2017","Mountain Bikes","Baldwin Bikes","Venita Daniel"
951,"Tamela Harrell","Central Islip",NY,2017-06-16,2,6999.98,"Trek Boone 7 - 2017","Cyclocross Bicycles","Baldwin Bikes","Venita Daniel"
952,"Arvilla Weiss","Bay Shore",NY,2017-06-16,2,1199.98,"Electra Townie Original 7D EQ - Women's - 2016","Cruisers Bicycles","Baldwin Bikes","Venita Daniel"
952,"Arvilla Weiss","Bay Shore",NY,2017-06-16,1,1999.99,"Trek Emonda S 5 - 2017","Road Bikes","Baldwin Bikes","Venita Daniel"
953,"Nicki Larson",Monsey,NY,2017-06-16,2,599.98,"Electra Girl's Hawaii 1 (20-inch) - 2015/2016","Children Bicycles","Baldwin Bikes","Venita Daniel"
954,"Ashleigh Frank",Levittown,NY,2017-06-17,2,5799.98,"Trek Fuel EX 8 29 - 2016","Mountain Bikes","Baldwin Bikes","Marcelene Boyer"
955,"Phebe Turner",Sunnyside,NY,2017-06-17,1,5299.99,"Trek Fuel EX 9.8 27.5 Plus - 2017","Mountain Bikes","Baldwin Bikes","Marcelene Boyer"
955,"Phebe Turner",Sunnyside,NY,2017-06-17,2,3265.98,"Surly Wednesday - 2017","Mountain Bikes","Baldwin Bikes","Marcelene Boyer"
955,"Phebe Turner",Sunnyside,NY,2017-06-17,1,349.99,"Electra Moto 3i (20-inch) - Boy's - 2017","Children Bicycles","Baldwin Bikes","Marcelene Boyer"
955,"Phebe Turner",Sunnyside,NY,2017-06-17,1,3499.99,"Trek Boone Race Shop Limited - 2017","Cyclocross Bicycles","Baldwin Bikes","Marcelene Boyer"
955,"Phebe Turner",Sunnyside,NY,2017-06-17,1,189.99,"Trek Precaliber 12 Girls - 2017","Children Bicycles","Baldwin Bikes","Marcelene Boyer"
956,"Annabelle Hebert","Spring Valley",NY,2017-06-17,2,599.98,"Electra Girl's Hawaii 1 16" - 2017","Cruisers Bicycles","Baldwin Bikes","Marcelene Boyer"
956,"Annabelle Hebert","Spring Valley",NY,2017-06-17,1,299.99,"Electra Girl's Hawaii 1 (20-inch) - 2015/2016","Children Bicycles","Baldwin Bikes","Marcelene Boyer"
956,"Annabelle Hebert","Spring Valley",NY,2017-06-17,2,1499.98,"Sun Bicycles Brickell Tandem 7 - 2017","Cruisers Bicycles","Baldwin Bikes","Marcelene Boyer"
956,"Annabelle Hebert","Spring Valley",NY,2017-06-17,2,539.98,"Electra Cruiser 1 (24-Inch) - 2016","Cruisers Bicycles","Baldwin Bikes","Marcelene Boyer"
956,"Annabelle Hebert","Spring Valley",NY,2017-06-17,2,805.98,"Sun Bicycles Boardwalk (24-inch Wheels) - 2017","Cruisers Bicycles","Baldwin Bikes","Marcelene Boyer"
959,"Rita Bailey",Ossining,NY,2017-06-18,1,529.99,"Electra Moto 1 - 2016","Cruisers Bicycles","Baldwin Bikes","Venita Daniel"
959,"Rita Bailey",Ossining,NY,2017-06-18,1,619.99,"Sun Bicycles Biscayne Tandem 7 - 2017","Cruisers Bicycles","Baldwin Bikes","Venita Daniel"
959,"Rita Bailey",Ossining,NY,2017-06-18,1,1469.99,"Haro Shift R3 - 2017","Mountain Bikes","Baldwin Bikes","Venita Daniel"
959,"Rita Bailey",Ossining,NY,2017-06-18,1,346.99,"Sun Bicycles Lil Bolt Type-R - 2017","Cruisers Bicycles","Baldwin Bikes","Venita Daniel"
960,"Genoveva Lloyd",Bayside,NY,2017-06-18,2,1499.98,"Sun Bicycles Brickell Tandem 7 - 2017","Cruisers Bicycles","Baldwin Bikes","Venita Daniel"
960,"Genoveva Lloyd",Bayside,NY,2017-06-18,1,875.99,"Surly Steamroller - 2017","Road Bikes","Baldwin Bikes","Venita Daniel"
960,"Genoveva Lloyd",Bayside,NY,2017-06-18,2,2999.98,"Trek Emonda S 4 - 2017","Road Bikes","Baldwin Bikes","Venita Daniel"
960,"Genoveva Lloyd",Bayside,NY,2017-06-18,2,299.98,"Trek Boy's Kickster - 2015/2017","Children Bicycles","Baldwin Bikes","Venita Daniel"
962,"Marissa Summers","Saint Albans",NY,2017-06-19,2,693.98,"Sun Bicycles Lil Bolt Type-R - 2017","Cruisers Bicycles","Baldwin Bikes","Venita Daniel"
962,"Marissa Summers","Saint Albans",NY,2017-06-19,2,979.98,"Electra Townie Original 7D - 2017","Cruisers Bicycles","Baldwin Bikes","Venita Daniel"
963,"Zona Cameron","East Northport",NY,2017-06-19,1,2899.99,"Trek Fuel EX 8 29 - 2016","Mountain Bikes","Baldwin Bikes","Marcelene Boyer"
964,"Augustus Steele","Ballston Spa",NY,2017-06-20,1,209.99,"Trek Precaliber 16 Girls - 2017","Children Bicycles","Baldwin Bikes","Venita Daniel"
964,"Augustus Steele","Ballston Spa",NY,2017-06-20,1,439.99,"Electra Cruiser Lux 1 - 2017","Cruisers Bicycles","Baldwin Bikes","Venita Daniel"
965,"Jeni Farley","Richmond Hill",NY,2017-06-20,2,419.98,"Trek Precaliber 16 Girls - 2017","Children Bicycles","Baldwin Bikes","Marcelene Boyer"
967,"Ebony Cotton","West Babylon",NY,2017-06-21,1,250.99,"Sun Bicycles Revolutions 24 - 2017","Cruisers Bicycles","Baldwin Bikes","Marcelene Boyer"
967,"Ebony Cotton","West Babylon",NY,2017-06-21,2,1599.98,"Electra Glam Punk 3i Ladies' - 2017","Cruisers Bicycles","Baldwin Bikes","Marcelene Boyer"
967,"Ebony Cotton","West Babylon",NY,2017-06-21,1,189.99,"Trek Precaliber 12 Boys - 2017","Children Bicycles","Baldwin Bikes","Marcelene Boyer"
967,"Ebony Cotton","West Babylon",NY,2017-06-21,1,551.99,"Sun Bicycles Streamway 3 - 2017","Comfort Bicycles","Baldwin Bikes","Marcelene Boyer"
968,"Mila Moody",Troy,NY,2017-06-21,1,189.99,"Trek Precaliber 12 Boys - 2017","Children Bicycles","Baldwin Bikes","Marcelene Boyer"
968,"Mila Moody",Troy,NY,2017-06-21,2,9999.98,"Trek Powerfly 8 FS Plus - 2017","Electric Bikes","Baldwin Bikes","Marcelene Boyer"
968,"Mila Moody",Troy,NY,2017-06-21,2,3098.00,"Surly Straggler - 2016","Cyclocross Bicycles","Baldwin Bikes","Marcelene Boyer"
970,"Corinna Adams",Rosedale,NY,2017-06-22,1,329.99,"Haro Downtown 16 - 2017","Children Bicycles","Baldwin Bikes","Venita Daniel"
970,"Corinna Adams",Rosedale,NY,2017-06-22,2,2999.98,"Trek Emonda S 4 - 2017","Road Bikes","Baldwin Bikes","Venita Daniel"
970,"Corinna Adams",Rosedale,NY,2017-06-22,2,6399.98,"Trek Domane SL Disc Frameset - 2017","Road Bikes","Baldwin Bikes","Venita Daniel"
970,"Corinna Adams",Rosedale,NY,2017-06-22,1,449.99,"Sun Bicycles Cruz 3 - 2017","Cruisers Bicycles","Baldwin Bikes","Venita Daniel"
972,"Claudio Wise",Kingston,NY,2017-06-23,1,489.99,"Electra Townie 3i EQ (20-inch) - Boys' - 2017","Children Bicycles","Baldwin Bikes","Venita Daniel"
972,"Claudio Wise",Kingston,NY,2017-06-23,1,3499.99,"Trek Boone Race Shop Limited - 2017","Cyclocross Bicycles","Baldwin Bikes","Venita Daniel"
973,"Cindi Larson","Howard Beach",NY,2017-06-24,2,5799.98,"Trek Fuel EX 8 29 - 2016","Mountain Bikes","Baldwin Bikes","Marcelene Boyer"
973,"Cindi Larson","Howard Beach",NY,2017-06-24,2,4999.98,"Surly Karate Monkey 27.5+ Frameset - 2017","Mountain Bikes","Baldwin Bikes","Marcelene Boyer"
973,"Cindi Larson","Howard Beach",NY,2017-06-24,2,10599.98,"Trek Remedy 9.8 - 2017","Mountain Bikes","Baldwin Bikes","Marcelene Boyer"
973,"Cindi Larson","Howard Beach",NY,2017-06-24,1,416.99,"Sun Bicycles Atlas X-Type - 2017","Cruisers Bicycles","Baldwin Bikes","Marcelene Boyer"
975,"Lavinia Cotton","East Northport",NY,2017-06-25,2,941.98,"Sun Bicycles Drifter 7 - 2017","Comfort Bicycles","Baldwin Bikes","Marcelene Boyer"
977,"Alfredo Dodson",Depew,NY,2017-06-26,2,1751.98,"Surly Steamroller - 2017","Road Bikes","Baldwin Bikes","Venita Daniel"
977,"Alfredo Dodson",Depew,NY,2017-06-26,2,833.98,"Sun Bicycles Cruz 7 - 2017","Cruisers Bicycles","Baldwin Bikes","Venita Daniel"
977,"Alfredo Dodson",Depew,NY,2017-06-26,1,999.99,"Surly Big Dummy Frameset - 2017","Mountain Bikes","Baldwin Bikes","Venita Daniel"
977,"Alfredo Dodson",Depew,NY,2017-06-26,2,1523.98,"Sun Bicycles Brickell Tandem CB - 2017","Cruisers Bicycles","Baldwin Bikes","Venita Daniel"
978,"Raphael O'neil",Fairport,NY,2017-06-26,2,899.98,"Sun Bicycles Cruz 3 - 2017","Comfort Bicycles","Baldwin Bikes","Marcelene Boyer"
978,"Raphael O'neil",Fairport,NY,2017-06-26,2,999.98,"Electra Townie Original 7D - 2015/2016","Comfort Bicycles","Baldwin Bikes","Marcelene Boyer"
978,"Raphael O'neil",Fairport,NY,2017-06-26,2,899.98,"Sun Bicycles Cruz 3 - Women's - 2017","Comfort Bicycles","Baldwin Bikes","Marcelene Boyer"
979,"Romeo Steele","Port Jefferson Station",NY,2017-06-26,1,2699.99,"Trek Domane S 6 - 2017","Road Bikes","Baldwin Bikes","Marcelene Boyer"
979,"Romeo Steele","Port Jefferson Station",NY,2017-06-26,2,833.98,"Sun Bicycles Atlas X-Type - 2017","Cruisers Bicycles","Baldwin Bikes","Marcelene Boyer"
979,"Romeo Steele","Port Jefferson Station",NY,2017-06-26,2,1099.98,"Electra Townie Original 21D - 2016","Cruisers Bicycles","Baldwin Bikes","Marcelene Boyer"
979,"Romeo Steele","Port Jefferson Station",NY,2017-06-26,1,875.99,"Surly Steamroller - 2017","Road Bikes","Baldwin Bikes","Marcelene Boyer"
983,"Vito Pickett",Canandaigua,NY,2017-06-27,1,3499.99,"Trek Boone Race Shop Limited - 2017","Cyclocross Bicycles","Baldwin Bikes","Marcelene Boyer"
983,"Vito Pickett",Canandaigua,NY,2017-06-27,2,1199.98,"Electra Townie Original 7D EQ - Women's - 2016","Cruisers Bicycles","Baldwin Bikes","Marcelene Boyer"
983,"Vito Pickett",Canandaigua,NY,2017-06-27,1,449.99,"Sun Bicycles Cruz 3 - 2017","Cruisers Bicycles","Baldwin Bikes","Marcelene Boyer"
983,"Vito Pickett",Canandaigua,NY,2017-06-27,2,2199.98,"Electra Amsterdam Fashion 7i Ladies' - 2017","Cruisers Bicycles","Baldwin Bikes","Marcelene Boyer"
983,"Vito Pickett",Canandaigua,NY,2017-06-27,1,189.99,"Trek Precaliber 12 Girls - 2017","Children Bicycles","Baldwin Bikes","Marcelene Boyer"
984,"Victor Pittman",Astoria,NY,2017-06-27,1,449.99,"Sun Bicycles Cruz 3 - 2017","Cruisers Bicycles","Baldwin Bikes","Venita Daniel"
984,"Victor Pittman",Astoria,NY,2017-06-27,2,2199.98,"Electra Amsterdam Fashion 7i Ladies' - 2017","Cruisers Bicycles","Baldwin Bikes","Venita Daniel"
984,"Victor Pittman",Astoria,NY,2017-06-27,1,549.99,"Electra Townie Original 21D - 2016","Cruisers Bicycles","Baldwin Bikes","Venita Daniel"
984,"Victor Pittman",Astoria,NY,2017-06-27,1,470.99,"Sun Bicycles Drifter 7 - Women's - 2017","Comfort Bicycles","Baldwin Bikes","Venita Daniel"
985,"Effie Jenkins",Brentwood,NY,2017-06-30,2,2641.98,"Heller Shagamaw Frame - 2016","Mountain Bikes","Baldwin Bikes","Marcelene Boyer"
985,"Effie Jenkins",Brentwood,NY,2017-06-30,1,2599.99,"Trek Domane S 5 Disc - 2017","Road Bikes","Baldwin Bikes","Marcelene Boyer"
985,"Effie Jenkins",Brentwood,NY,2017-06-30,2,1295.98,"Sun Bicycles Biscayne Tandem CB - 2017","Cruisers Bicycles","Baldwin Bikes","Marcelene Boyer"
986,"Vernell Goff",Monroe,NY,2017-06-30,1,189.99,"Trek Precaliber 12 Boys - 2017","Children Bicycles","Baldwin Bikes","Venita Daniel"
986,"Vernell Goff",Monroe,NY,2017-06-30,1,647.99,"Sun Bicycles Biscayne Tandem CB - 2017","Cruisers Bicycles","Baldwin Bikes","Venita Daniel"
986,"Vernell Goff",Monroe,NY,2017-06-30,2,1199.98,"Electra Townie Original 7D EQ - 2016","Comfort Bicycles","Baldwin Bikes","Venita Daniel"
988,"Honey Camacho",Bayside,NY,2017-07-02,1,832.99,"Sun Bicycles Spider 3i - 2017","Mountain Bikes","Baldwin Bikes","Marcelene Boyer"
988,"Honey Camacho",Bayside,NY,2017-07-02,1,549.99,"Haro Flightline Two 26 Plus - 2017","Mountain Bikes","Baldwin Bikes","Marcelene Boyer"
988,"Honey Camacho",Bayside,NY,2017-07-02,2,1099.98,"Electra Townie Original 21D - 2016","Cruisers Bicycles","Baldwin Bikes","Marcelene Boyer"
989,"Deandrea Vega",Yonkers,NY,2017-07-02,1,299.99,"Electra Sugar Skulls 1 (20-inch) - Girl's - 2017","Children Bicycles","Baldwin Bikes","Marcelene Boyer"
989,"Deandrea Vega",Yonkers,NY,2017-07-02,1,999.99,"Surly Big Dummy Frameset - 2017","Mountain Bikes","Baldwin Bikes","Marcelene Boyer"
989,"Deandrea Vega",Yonkers,NY,2017-07-02,1,659.99,"Electra Amsterdam Original 3i - 2015/2017","Cruisers Bicycles","Baldwin Bikes","Marcelene Boyer"
989,"Deandrea Vega",Yonkers,NY,2017-07-02,2,219.98,"Sun Bicycles Lil Kitt'n - 2017","Children Bicycles","Baldwin Bikes","Marcelene Boyer"
989,"Deandrea Vega",Yonkers,NY,2017-07-02,1,1320.99,"Heller Shagamaw Frame - 2016","Mountain Bikes","Baldwin Bikes","Marcelene Boyer"
990,"Lolita O'neill","Massapequa Park",NY,2017-07-04,2,939.98,"Surly Ice Cream Truck Frameset - 2016","Mountain Bikes","Baldwin Bikes","Venita Daniel"
990,"Lolita O'neill","Massapequa Park",NY,2017-07-04,1,999.99,"Trek X-Caliber 8 - 2017","Mountain Bikes","Baldwin Bikes","Venita Daniel"
990,"Lolita O'neill","Massapequa Park",NY,2017-07-04,1,349.99,"Trek Precaliber 24 (21-Speed) - Girls - 2017","Children Bicycles","Baldwin Bikes","Venita Daniel"
990,"Lolita O'neill","Massapequa Park",NY,2017-07-04,2,539.98,"Electra Girl's Hawaii 1 (16-inch) - 2015/2016","Cruisers Bicycles","Baldwin Bikes","Venita Daniel"
992,"Vicki Wiggins","Wappingers Falls",NY,2017-07-07,1,869.99,"Haro SR 1.2 - 2017","Mountain Bikes","Baldwin Bikes","Venita Daniel"
992,"Vicki Wiggins","Wappingers Falls",NY,2017-07-07,1,489.99,"Electra Townie Original 7D - 2017","Comfort Bicycles","Baldwin Bikes","Venita Daniel"
992,"Vicki Wiggins","Wappingers Falls",NY,2017-07-07,1,599.99,"Electra Townie Original 7D EQ - Women's - 2016","Cruisers Bicycles","Baldwin Bikes","Venita Daniel"
992,"Vicki Wiggins","Wappingers Falls",NY,2017-07-07,2,679.98,"Electra Townie 7D (20-inch) - Boys' - 2017","Children Bicycles","Baldwin Bikes","Venita Daniel"
992,"Vicki Wiggins","Wappingers Falls",NY,2017-07-07,1,3999.99,"Trek Slash 8 27.5 - 2016","Mountain Bikes","Baldwin Bikes","Venita Daniel"
994,"Krystin Marshall",Poughkeepsie,NY,2017-07-09,2,759.98,"Haro Flightline One ST - 2017","Mountain Bikes","Baldwin Bikes","Venita Daniel"
994,"Krystin Marshall",Poughkeepsie,NY,2017-07-09,1,869.99,"Haro SR 1.2 - 2017","Mountain Bikes","Baldwin Bikes","Venita Daniel"
994,"Krystin Marshall",Poughkeepsie,NY,2017-07-09,1,250.99,"Sun Bicycles Revolutions 24 - 2017","Cruisers Bicycles","Baldwin Bikes","Venita Daniel"
997,"Catherine Miles","East Elmhurst",NY,2017-07-11,2,299.98,"Trek Girl's Kickster - 2017","Children Bicycles","Baldwin Bikes","Venita Daniel"
997,"Catherine Miles","East Elmhurst",NY,2017-07-11,2,1067.98,"Sun Bicycles Streamway 7 - 2017","Comfort Bicycles","Baldwin Bikes","Venita Daniel"
997,"Catherine Miles","East Elmhurst",NY,2017-07-11,2,539.98,"Electra Girl's Hawaii 1 (16-inch) - 2015/2016","Cruisers Bicycles","Baldwin Bikes","Venita Daniel"
998,"Darcie Morgan",Oceanside,NY,2017-07-12,2,1199.98,"Electra Townie Original 7D EQ - 2016","Comfort Bicycles","Baldwin Bikes","Venita Daniel"
998,"Darcie Morgan",Oceanside,NY,2017-07-12,1,533.99,"Sun Bicycles Streamway 7 - 2017","Comfort Bicycles","Baldwin Bikes","Venita Daniel"
999,"Cyndi Dyer",Baldwin,NY,2017-07-12,2,1319.98,"Electra Amsterdam Original 3i - 2015/2017","Cruisers Bicycles","Baldwin Bikes","Marcelene Boyer"
999,"Cyndi Dyer",Baldwin,NY,2017-07-12,1,449.99,"Sun Bicycles Cruz 3 - 2017","Comfort Bicycles","Baldwin Bikes","Marcelene Boyer"
1000,"Lewis Garner",Brentwood,NY,2017-07-12,2,693.98,"Sun Bicycles Lil Bolt Type-R - 2017","Cruisers Bicycles","Baldwin Bikes","Venita Daniel"
1000,"Lewis Garner",Brentwood,NY,2017-07-12,1,470.99,"Sun Bicycles Drifter 7 - Women's - 2017","Comfort Bicycles","Baldwin Bikes","Venita Daniel"
1000,"Lewis Garner",Brentwood,NY,2017-07-12,2,898.00,"Pure Cycles William 3-Speed - 2016","Cruisers Bicycles","Baldwin Bikes","Venita Daniel"
1000,"Lewis Garner",Brentwood,NY,2017-07-12,2,1999.98,"Trek X-Caliber 8 - 2017","Mountain Bikes","Baldwin Bikes","Venita Daniel"
1001,"Tonda Armstrong",Sunnyside,NY,2017-07-13,1,619.99,"Sun Bicycles Biscayne Tandem 7 - 2017","Cruisers Bicycles","Baldwin Bikes","Marcelene Boyer"
1001,"Tonda Armstrong",Sunnyside,NY,2017-07-13,2,1739.98,"Haro SR 1.2 - 2017","Mountain Bikes","Baldwin Bikes","Marcelene Boyer"
1001,"Tonda Armstrong",Sunnyside,NY,2017-07-13,1,4999.99,"Trek Madone 9.2 - 2017","Road Bikes","Baldwin Bikes","Marcelene Boyer"
1001,"Tonda Armstrong",Sunnyside,NY,2017-07-13,1,470.99,"Sun Bicycles Drifter 7 - Women's - 2017","Comfort Bicycles","Baldwin Bikes","Marcelene Boyer"
1003,"Marlo Jefferson","Niagara Falls",NY,2017-07-14,2,939.98,"Trek Session DH 27.5 Carbon Frameset - 2017","Mountain Bikes","Baldwin Bikes","Venita Daniel"
1003,"Marlo Jefferson","Niagara Falls",NY,2017-07-14,2,12999.98,"Trek Silque SLR 8 Women's - 2017","Road Bikes","Baldwin Bikes","Venita Daniel"
1004,"Ulrike Chan","Port Chester",NY,2017-07-14,2,1665.98,"Surly Troll Frameset - 2017","Mountain Bikes","Baldwin Bikes","Marcelene Boyer"
1005,"Myung Hooper",Elmont,NY,2017-07-15,2,539.98,"Electra Girl's Hawaii 1 (16-inch) - 2015/2016","Cruisers Bicycles","Baldwin Bikes","Venita Daniel"
1005,"Myung Hooper",Elmont,NY,2017-07-15,2,2199.98,"Electra Amsterdam Fashion 7i Ladies' - 2017","Cruisers Bicycles","Baldwin Bikes","Venita Daniel"
1005,"Myung Hooper",Elmont,NY,2017-07-15,1,299.99,"Electra Sugar Skulls 1 (20-inch) - Girl's - 2017","Children Bicycles","Baldwin Bikes","Venita Daniel"
1006,"Olimpia Mays","Oakland Gardens",NY,2017-07-15,1,599.99,"Electra Townie Original 7D EQ - Women's - 2016","Cruisers Bicycles","Baldwin Bikes","Venita Daniel"
1006,"Olimpia Mays","Oakland Gardens",NY,2017-07-15,1,449.99,"Sun Bicycles Cruz 3 - 2017","Cruisers Bicycles","Baldwin Bikes","Venita Daniel"
1006,"Olimpia Mays","Oakland Gardens",NY,2017-07-15,2,10999.98,"Trek Domane SLR 6 Disc - 2017","Road Bikes","Baldwin Bikes","Venita Daniel"
1006,"Olimpia Mays","Oakland Gardens",NY,2017-07-15,1,346.99,"Sun Bicycles Lil Bolt Type-R - 2017","Cruisers Bicycles","Baldwin Bikes","Venita Daniel"
1006,"Olimpia Mays","Oakland Gardens",NY,2017-07-15,1,1409.99,"Haro SR 1.3 - 2017","Mountain Bikes","Baldwin Bikes","Venita Daniel"
1007,"Lina Meadows","Glen Cove",NY,2017-07-16,1,599.99,"Electra Townie Original 7D EQ - 2016","Comfort Bicycles","Baldwin Bikes","Marcelene Boyer"
1007,"Lina Meadows","Glen Cove",NY,2017-07-16,1,1680.99,"Surly Straggler 650b - 2016","Cyclocross Bicycles","Baldwin Bikes","Marcelene Boyer"
1007,"Lina Meadows","Glen Cove",NY,2017-07-16,2,659.98,"Haro Downtown 16 - 2017","Children Bicycles","Baldwin Bikes","Marcelene Boyer"
1007,"Lina Meadows","Glen Cove",NY,2017-07-16,1,299.99,"Electra Girl's Hawaii 1 16" - 2017","Cruisers Bicycles","Baldwin Bikes","Marcelene Boyer"
1007,"Lina Meadows","Glen Cove",NY,2017-07-16,2,899.98,"Sun Bicycles Cruz 3 - 2017","Comfort Bicycles","Baldwin Bikes","Marcelene Boyer"
1008,"Arie Hunter",Flushing,NY,2017-07-16,1,416.99,"Sun Bicycles Atlas X-Type - 2017","Cruisers Bicycles","Baldwin Bikes","Marcelene Boyer"
1008,"Arie Hunter",Flushing,NY,2017-07-16,1,749.99,"Ritchey Timberwolf Frameset - 2016","Mountain Bikes","Baldwin Bikes","Marcelene Boyer"
1008,"Arie Hunter",Flushing,NY,2017-07-16,1,299.99,"Electra Girl's Hawaii 1 16" - 2017","Children Bicycles","Baldwin Bikes","Marcelene Boyer"
1010,"Jacquline Duncan","Jackson Heights",NY,2017-07-18,2,833.98,"Sun Bicycles Cruz 7 - Women's - 2017","Comfort Bicycles","Baldwin Bikes","Venita Daniel"
1012,"Eric Hardin",Jamaica,NY,2017-07-18,1,1799.99,"Trek Remedy 29 Carbon Frameset - 2016","Mountain Bikes","Baldwin Bikes","Venita Daniel"
1012,"Eric Hardin",Jamaica,NY,2017-07-18,1,489.99,"Electra Townie Original 7D - 2017","Cruisers Bicycles","Baldwin Bikes","Venita Daniel"
1013,"Babara Ochoa",Scarsdale,NY,2017-07-19,2,3119.98,"Sun Bicycles ElectroLite - 2017","Electric Bikes","Baldwin Bikes","Marcelene Boyer"
1014,"Oliva Blackwell",Elmhurst,NY,2017-07-19,1,349.99,"Electra Savannah 3i (20-inch) - Girl's - 2017","Children Bicycles","Baldwin Bikes","Marcelene Boyer"
1014,"Oliva Blackwell",Elmhurst,NY,2017-07-19,2,1739.98,"Haro SR 1.2 - 2017","Mountain Bikes","Baldwin Bikes","Marcelene Boyer"
1014,"Oliva Blackwell",Elmhurst,NY,2017-07-19,2,2199.98,"Electra Amsterdam Fashion 7i Ladies' - 2017","Cruisers Bicycles","Baldwin Bikes","Marcelene Boyer"
1014,"Oliva Blackwell",Elmhurst,NY,2017-07-19,1,2599.99,"Trek Domane S 5 Disc - 2017","Road Bikes","Baldwin Bikes","Marcelene Boyer"
1015,"India Barron",Huntington,NY,2017-07-19,2,939.98,"Surly Ice Cream Truck Frameset - 2016","Mountain Bikes","Baldwin Bikes","Venita Daniel"
1015,"India Barron",Huntington,NY,2017-07-19,2,1499.98,"Sun Bicycles Brickell Tandem 7 - 2017","Cruisers Bicycles","Baldwin Bikes","Venita Daniel"
1015,"India Barron",Huntington,NY,2017-07-19,2,679.98,"Electra Townie 7D (20-inch) - Boys' - 2017","Children Bicycles","Baldwin Bikes","Venita Daniel"
1015,"India Barron",Huntington,NY,2017-07-19,1,269.99,"Electra Cruiser 1 (24-Inch) - 2016","Cruisers Bicycles","Baldwin Bikes","Venita Daniel"
1017,"Nettie Mcdaniel","South Ozone Park",NY,2017-07-20,1,209.99,"Trek Precaliber 16 Boys - 2017","Children Bicycles","Baldwin Bikes","Marcelene Boyer"
1017,"Nettie Mcdaniel","South Ozone Park",NY,2017-07-20,2,1319.98,"Electra Amsterdam Original 3i Ladies' - 2017","Cruisers Bicycles","Baldwin Bikes","Marcelene Boyer"
1017,"Nettie Mcdaniel","South Ozone Park",NY,2017-07-20,1,489.99,"Electra Townie 3i EQ (20-inch) - Boys' - 2017","Children Bicycles","Baldwin Bikes","Marcelene Boyer"
1017,"Nettie Mcdaniel","South Ozone Park",NY,2017-07-20,2,898.00,"Pure Cycles Western 3-Speed - Women's - 2015/2016","Cruisers Bicycles","Baldwin Bikes","Marcelene Boyer"
1017,"Nettie Mcdaniel","South Ozone Park",NY,2017-07-20,2,1599.98,"Electra Glam Punk 3i Ladies' - 2017","Cruisers Bicycles","Baldwin Bikes","Marcelene Boyer"
1018,"Barry Buckner",Centereach,NY,2017-07-22,2,599.98,"Electra Girl's Hawaii 1 16" - 2017","Cruisers Bicycles","Baldwin Bikes","Marcelene Boyer"
1018,"Barry Buckner",Centereach,NY,2017-07-22,2,699.98,"Electra Savannah 3i (20-inch) - Girl's - 2017","Children Bicycles","Baldwin Bikes","Marcelene Boyer"
1018,"Barry Buckner",Centereach,NY,2017-07-22,1,349.99,"Trek Precaliber 24 (21-Speed) - Girls - 2017","Children Bicycles","Baldwin Bikes","Marcelene Boyer"
1019,"Edra Fitzgerald","Central Islip",NY,2017-07-22,1,999.99,"Surly Ice Cream Truck Frameset - 2017","Mountain Bikes","Baldwin Bikes","Venita Daniel"
1019,"Edra Fitzgerald","Central Islip",NY,2017-07-22,1,875.99,"Surly Steamroller - 2017","Road Bikes","Baldwin Bikes","Venita Daniel"
1019,"Edra Fitzgerald","Central Islip",NY,2017-07-22,1,379.99,"Haro Flightline One ST - 2017","Mountain Bikes","Baldwin Bikes","Venita Daniel"
1019,"Edra Fitzgerald","Central Islip",NY,2017-07-22,2,419.98,"Haro Shredder 20 Girls - 2017","Children Bicycles","Baldwin Bikes","Venita Daniel"
1020,"Emmitt Sanchez","New York",NY,2017-07-23,2,1199.98,"Electra Townie Original 7D EQ - Women's - 2016","Cruisers Bicycles","Baldwin Bikes","Marcelene Boyer"
1020,"Emmitt Sanchez","New York",NY,2017-07-23,2,833.98,"Sun Bicycles Cruz 7 - 2017","Cruisers Bicycles","Baldwin Bikes","Marcelene Boyer"
1020,"Emmitt Sanchez","New York",NY,2017-07-23,1,529.99,"Electra Moto 1 - 2016","Cruisers Bicycles","Baldwin Bikes","Marcelene Boyer"
1020,"Emmitt Sanchez","New York",NY,2017-07-23,2,3999.98,"Trek Emonda S 5 - 2017","Road Bikes","Baldwin Bikes","Marcelene Boyer"
1020,"Emmitt Sanchez","New York",NY,2017-07-23,2,9999.98,"Trek Fuel EX 9.8 29 - 2017","Mountain Bikes","Baldwin Bikes","Marcelene Boyer"
1021,"Herlinda Stone",Canandaigua,NY,2017-07-23,2,6999.98,"Trek Domane SL 6 - 2017","Road Bikes","Baldwin Bikes","Marcelene Boyer"
1021,"Herlinda Stone",Canandaigua,NY,2017-07-23,2,599.98,"Electra Girl's Hawaii 1 (20-inch) - 2015/2016","Children Bicycles","Baldwin Bikes","Marcelene Boyer"
1022,"Tisa Whitney",Monsey,NY,2017-07-23,1,469.99,"Surly Wednesday Frameset - 2017","Mountain Bikes","Baldwin Bikes","Venita Daniel"
1022,"Tisa Whitney",Monsey,NY,2017-07-23,1,1409.99,"Haro SR 1.3 - 2017","Mountain Bikes","Baldwin Bikes","Venita Daniel"
1022,"Tisa Whitney",Monsey,NY,2017-07-23,1,346.99,"Sun Bicycles Lil Bolt Type-R - 2017","Cruisers Bicycles","Baldwin Bikes","Venita Daniel"
1022,"Tisa Whitney",Monsey,NY,2017-07-23,1,1320.99,"Heller Shagamaw Frame - 2016","Mountain Bikes","Baldwin Bikes","Venita Daniel"
1023,"Vashti Rosario",Bronx,NY,2017-07-23,1,349.99,"Trek Precaliber 24 (21-Speed) - Girls - 2017","Children Bicycles","Baldwin Bikes","Marcelene Boyer"
1023,"Vashti Rosario",Bronx,NY,2017-07-23,2,10599.98,"Trek Fuel EX 9.8 27.5 Plus - 2017","Mountain Bikes","Baldwin Bikes","Marcelene Boyer"
1024,"Kellye Campbell",Baldwinsville,NY,2017-07-23,1,481.99,"Sun Bicycles Streamway - 2017","Comfort Bicycles","Baldwin Bikes","Venita Daniel"
1024,"Kellye Campbell",Baldwinsville,NY,2017-07-23,2,4999.98,"Surly Karate Monkey 27.5+ Frameset - 2017","Mountain Bikes","Baldwin Bikes","Venita Daniel"
1024,"Kellye Campbell",Baldwinsville,NY,2017-07-23,2,979.98,"Electra Straight 8 3i (20-inch) - Boy's - 2017","Children Bicycles","Baldwin Bikes","Venita Daniel"
1024,"Kellye Campbell",Baldwinsville,NY,2017-07-23,2,699.98,"Electra Moto 3i (20-inch) - Boy's - 2017","Children Bicycles","Baldwin Bikes","Venita Daniel"
1024,"Kellye Campbell",Baldwinsville,NY,2017-07-23,1,349.99,"Trek Precaliber 24 (21-Speed) - Girls - 2017","Children Bicycles","Baldwin Bikes","Venita Daniel"
1025,"Tama Berg",Hollis,NY,2017-07-23,1,209.99,"Trek Precaliber 16 Boys - 2017","Children Bicycles","Baldwin Bikes","Marcelene Boyer"
1025,"Tama Berg",Hollis,NY,2017-07-23,1,489.99,"Electra Townie Original 7D - 2017","Comfort Bicycles","Baldwin Bikes","Marcelene Boyer"
1025,"Tama Berg",Hollis,NY,2017-07-23,1,1499.99,"Trek Stache 5 - 2017","Mountain Bikes","Baldwin Bikes","Marcelene Boyer"
1025,"Tama Berg",Hollis,NY,2017-07-23,1,529.99,"Electra Moto 1 - 2016","Cruisers Bicycles","Baldwin Bikes","Marcelene Boyer"
1025,"Tama Berg",Hollis,NY,2017-07-23,2,501.98,"Sun Bicycles Revolutions 24 - 2017","Cruisers Bicycles","Baldwin Bikes","Marcelene Boyer"
1027,"Cherelle Key","Valley Stream",NY,2017-07-26,2,599.98,"Electra Girl's Hawaii 1 16" - 2017","Children Bicycles","Baldwin Bikes","Marcelene Boyer"
1027,"Cherelle Key","Valley Stream",NY,2017-07-26,2,539.98,"Electra Girl's Hawaii 1 (16-inch) - 2015/2016","Cruisers Bicycles","Baldwin Bikes","Marcelene Boyer"
1028,"Cheree Hale",Oswego,NY,2017-07-27,2,941.98,"Sun Bicycles Drifter 7 - Women's - 2017","Comfort Bicycles","Baldwin Bikes","Venita Daniel"
1028,"Cheree Hale",Oswego,NY,2017-07-27,1,1549.00,"Surly Straggler - 2016","Cyclocross Bicycles","Baldwin Bikes","Venita Daniel"
1028,"Cheree Hale",Oswego,NY,2017-07-27,1,1469.99,"Haro Shift R3 - 2017","Mountain Bikes","Baldwin Bikes","Venita Daniel"
1028,"Cheree Hale",Oswego,NY,2017-07-27,2,1665.98,"Sun Bicycles Spider 3i - 2017","Mountain Bikes","Baldwin Bikes","Venita Daniel"
1028,"Cheree Hale",Oswego,NY,2017-07-27,1,449.99,"Sun Bicycles Cruz 3 - Women's - 2017","Comfort Bicycles","Baldwin Bikes","Venita Daniel"
1030,"Crystle Gilliam",Smithtown,NY,2017-07-29,1,999.99,"Surly Big Dummy Frameset - 2017","Mountain Bikes","Baldwin Bikes","Marcelene Boyer"
1030,"Crystle Gilliam",Smithtown,NY,2017-07-29,2,3098.00,"Surly Straggler - 2016","Cyclocross Bicycles","Baldwin Bikes","Marcelene Boyer"
1030,"Crystle Gilliam",Smithtown,NY,2017-07-29,1,619.99,"Sun Bicycles Biscayne Tandem 7 - 2017","Cruisers Bicycles","Baldwin Bikes","Marcelene Boyer"
1032,"Emmett Casey","Valley Stream",NY,2017-07-30,2,3119.98,"Sun Bicycles ElectroLite - 2017","Electric Bikes","Baldwin Bikes","Marcelene Boyer"
1032,"Emmett Casey","Valley Stream",NY,2017-07-30,1,429.00,"Pure Cycles Vine 8-Speed - 2016","Cruisers Bicycles","Baldwin Bikes","Marcelene Boyer"
1033,"Soledad Moses","Jackson Heights",NY,2017-07-30,1,599.99,"Electra Townie Original 7D EQ - 2016","Comfort Bicycles","Baldwin Bikes","Venita Daniel"
1033,"Soledad Moses","Jackson Heights",NY,2017-07-30,2,833.98,"Sun Bicycles Cruz 7 - Women's - 2017","Comfort Bicycles","Baldwin Bikes","Venita Daniel"
1033,"Soledad Moses","Jackson Heights",NY,2017-07-30,2,1999.98,"Surly Big Dummy Frameset - 2017","Mountain Bikes","Baldwin Bikes","Venita Daniel"
1034,"Elaina Key",Plainview,NY,2017-07-30,1,339.99,"Electra Townie 7D (20-inch) - Boys' - 2017","Children Bicycles","Baldwin Bikes","Venita Daniel"
1034,"Elaina Key",Plainview,NY,2017-07-30,2,3599.98,"Trek Remedy 29 Carbon Frameset - 2016","Mountain Bikes","Baldwin Bikes","Venita Daniel"
1034,"Elaina Key",Plainview,NY,2017-07-30,2,3361.98,"Surly Straggler 650b - 2016","Cyclocross Bicycles","Baldwin Bikes","Venita Daniel"
1034,"Elaina Key",Plainview,NY,2017-07-30,1,269.99,"Electra Cruiser 1 (24-Inch) - 2016","Children Bicycles","Baldwin Bikes","Venita Daniel"
1035,"Mica Barry","Hopewell Junction",NY,2017-07-30,1,349.99,"Electra Moto 3i (20-inch) - Boy's - 2017","Children Bicycles","Baldwin Bikes","Marcelene Boyer"
1036,"Cassie Cline",Brooklyn,NY,2017-07-30,2,5399.98,"Trek Domane S 6 - 2017","Road Bikes","Baldwin Bikes","Marcelene Boyer"
1036,"Cassie Cline",Brooklyn,NY,2017-07-30,1,299.99,"Electra Girl's Hawaii 1 16" - 2017","Cruisers Bicycles","Baldwin Bikes","Marcelene Boyer"
1036,"Cassie Cline",Brooklyn,NY,2017-07-30,2,898.00,"Pure Cycles Western 3-Speed - Women's - 2015/2016","Cruisers Bicycles","Baldwin Bikes","Marcelene Boyer"
1036,"Cassie Cline",Brooklyn,NY,2017-07-30,2,693.98,"Sun Bicycles Lil Bolt Type-R - 2017","Cruisers Bicycles","Baldwin Bikes","Marcelene Boyer"
1036,"Cassie Cline",Brooklyn,NY,2017-07-30,1,549.99,"Electra Townie Original 21D - 2016","Cruisers Bicycles","Baldwin Bikes","Marcelene Boyer"
1037,"Carina Lynch","Wappingers Falls",NY,2017-07-31,2,879.98,"Electra Cruiser Lux 1 - 2017","Cruisers Bicycles","Baldwin Bikes","Marcelene Boyer"
1037,"Carina Lynch","Wappingers Falls",NY,2017-07-31,1,999.99,"Surly Wednesday Frameset - 2016","Mountain Bikes","Baldwin Bikes","Marcelene Boyer"
1037,"Carina Lynch","Wappingers Falls",NY,2017-07-31,2,693.98,"Sun Bicycles Lil Bolt Type-R - 2017","Cruisers Bicycles","Baldwin Bikes","Marcelene Boyer"
1037,"Carina Lynch","Wappingers Falls",NY,2017-07-31,1,209.99,"Haro Shredder 20 - 2017","Children Bicycles","Baldwin Bikes","Marcelene Boyer"
1037,"Carina Lynch","Wappingers Falls",NY,2017-07-31,2,219.98,"Sun Bicycles Lil Kitt'n - 2017","Children Bicycles","Baldwin Bikes","Marcelene Boyer"
1038,"Marlen Dawson",Woodside,NY,2017-07-31,1,149.99,"Trek Boy's Kickster - 2015/2017","Children Bicycles","Baldwin Bikes","Venita Daniel"
1038,"Marlen Dawson",Woodside,NY,2017-07-31,1,2999.99,"Trek Conduit+ - 2016","Electric Bikes","Baldwin Bikes","Venita Daniel"
1039,"Heather Perry",Sunnyside,NY,2017-08-02,2,898.00,"Pure Cycles Western 3-Speed - Women's - 2015/2016","Cruisers Bicycles","Baldwin Bikes","Venita Daniel"
1041,"Tomasa Carson","East Elmhurst",NY,2017-08-04,1,209.99,"Trek Precaliber 16 Boys - 2017","Children Bicycles","Baldwin Bikes","Venita Daniel"
1041,"Tomasa Carson","East Elmhurst",NY,2017-08-04,2,9999.98,"Trek Powerfly 8 FS Plus - 2017","Electric Bikes","Baldwin Bikes","Venita Daniel"
1041,"Tomasa Carson","East Elmhurst",NY,2017-08-04,2,499.98,"Haro Shredder Pro 20 - 2017","Children Bicycles","Baldwin Bikes","Venita Daniel"
1042,"Jamika Acevedo","Ozone Park",NY,2017-08-06,1,299.99,"Electra Girl's Hawaii 1 (20-inch) - 2015/2016","Children Bicycles","Baldwin Bikes","Venita Daniel"
1043,"Georgina Gonzales",Endicott,NY,2017-08-06,2,5399.98,"Trek Domane S 6 - 2017","Road Bikes","Baldwin Bikes","Marcelene Boyer"
1043,"Georgina Gonzales",Endicott,NY,2017-08-06,1,599.99,"Electra Townie Original 7D EQ - Women's - 2016","Cruisers Bicycles","Baldwin Bikes","Marcelene Boyer"
1044,"Ciera Webb","Orchard Park",NY,2017-08-07,2,699.98,"Electra Savannah 3i (20-inch) - Girl's - 2017","Children Bicycles","Baldwin Bikes","Venita Daniel"
1048,"Ilda Roberson",Kingston,NY,2017-08-08,2,1999.98,"Surly Wednesday Frameset - 2016","Mountain Bikes","Baldwin Bikes","Venita Daniel"
1048,"Ilda Roberson",Kingston,NY,2017-08-08,1,379.99,"Haro Flightline One ST - 2017","Mountain Bikes","Baldwin Bikes","Venita Daniel"
1048,"Ilda Roberson",Kingston,NY,2017-08-08,1,249.99,"Haro Shredder Pro 20 - 2017","Children Bicycles","Baldwin Bikes","Venita Daniel"
1051,"Jutta Everett",Selden,NY,2017-08-10,1,1409.99,"Haro SR 1.3 - 2017","Mountain Bikes","Baldwin Bikes","Venita Daniel"
1052,"Romelia Myers","Garden City",NY,2017-08-10,1,3999.99,"Trek Slash 8 27.5 - 2016","Mountain Bikes","Baldwin Bikes","Marcelene Boyer"
1052,"Romelia Myers","Garden City",NY,2017-08-10,1,551.99,"Sun Bicycles Streamway 3 - 2017","Comfort Bicycles","Baldwin Bikes","Marcelene Boyer"
1052,"Romelia Myers","Garden City",NY,2017-08-10,2,1199.98,"Electra Townie Original 7D EQ - 2016","Comfort Bicycles","Baldwin Bikes","Marcelene Boyer"
1053,"Florrie Little","New Rochelle",NY,2017-08-10,2,6999.98,"Trek Domane SL 6 - 2017","Road Bikes","Baldwin Bikes","Marcelene Boyer"
1053,"Florrie Little","New Rochelle",NY,2017-08-10,2,1199.98,"Electra Townie Original 7D EQ - 2016","Comfort Bicycles","Baldwin Bikes","Marcelene Boyer"
1053,"Florrie Little","New Rochelle",NY,2017-08-10,2,599.98,"Electra Girl's Hawaii 1 (20-inch) - 2015/2016","Children Bicycles","Baldwin Bikes","Marcelene Boyer"
1053,"Florrie Little","New Rochelle",NY,2017-08-10,1,449.99,"Sun Bicycles Cruz 3 - 2017","Cruisers Bicycles","Baldwin Bikes","Marcelene Boyer"
1053,"Florrie Little","New Rochelle",NY,2017-08-10,2,1499.98,"Sun Bicycles Brickell Tandem 7 - 2017","Cruisers Bicycles","Baldwin Bikes","Marcelene Boyer"
1054,"Damian Dawson",Liverpool,NY,2017-08-11,2,1665.98,"Surly Troll Frameset - 2017","Mountain Bikes","Baldwin Bikes","Venita Daniel"
1054,"Damian Dawson",Liverpool,NY,2017-08-11,1,599.99,"Electra Townie Original 7D EQ - 2016","Cruisers Bicycles","Baldwin Bikes","Venita Daniel"
1055,"Cleopatra Tate","East Elmhurst",NY,2017-08-12,2,10599.98,"Trek Fuel EX 9.8 27.5 Plus - 2017","Mountain Bikes","Baldwin Bikes","Marcelene Boyer"
1055,"Cleopatra Tate","East Elmhurst",NY,2017-08-12,2,679.98,"Electra Townie 7D (20-inch) - Boys' - 2017","Children Bicycles","Baldwin Bikes","Marcelene Boyer"
1055,"Cleopatra Tate","East Elmhurst",NY,2017-08-12,2,1099.98,"Electra Townie Original 21D - 2016","Cruisers Bicycles","Baldwin Bikes","Marcelene Boyer"
1055,"Cleopatra Tate","East Elmhurst",NY,2017-08-12,2,299.98,"Trek Boy's Kickster - 2015/2017","Children Bicycles","Baldwin Bikes","Marcelene Boyer"
1055,"Cleopatra Tate","East Elmhurst",NY,2017-08-12,1,1559.99,"Sun Bicycles ElectroLite - 2017","Electric Bikes","Baldwin Bikes","Marcelene Boyer"
1056,"Berna Moore",Bronx,NY,2017-08-12,1,999.99,"Surly Wednesday Frameset - 2016","Mountain Bikes","Baldwin Bikes","Venita Daniel"
1057,"Serina Hensley",Jamaica,NY,2017-08-12,1,533.99,"Sun Bicycles Streamway 7 - 2017","Comfort Bicycles","Baldwin Bikes","Venita Daniel"
1057,"Serina Hensley",Jamaica,NY,2017-08-12,1,349.99,"Electra Savannah 3i (20-inch) - Girl's - 2017","Children Bicycles","Baldwin Bikes","Venita Daniel"
1057,"Serina Hensley",Jamaica,NY,2017-08-12,2,979.98,"Electra Straight 8 3i (20-inch) - Boy's - 2017","Children Bicycles","Baldwin Bikes","Venita Daniel"
1058,"Ricki Bullock",Woodside,NY,2017-08-13,1,5299.99,"Trek Fuel EX 9.8 27.5 Plus - 2017","Mountain Bikes","Baldwin Bikes","Marcelene Boyer"
1058,"Ricki Bullock",Woodside,NY,2017-08-13,2,1999.98,"Trek X-Caliber 8 - 2017","Mountain Bikes","Baldwin Bikes","Marcelene Boyer"
1058,"Ricki Bullock",Woodside,NY,2017-08-13,1,551.99,"Sun Bicycles Streamway 3 - 2017","Comfort Bicycles","Baldwin Bikes","Marcelene Boyer"
1059,"Lyndsey Bean",Fairport,NY,2017-08-14,2,2819.98,"Haro SR 1.3 - 2017","Mountain Bikes","Baldwin Bikes","Venita Daniel"
1059,"Lyndsey Bean",Fairport,NY,2017-08-14,1,3999.99,"Trek Slash 8 27.5 - 2016","Mountain Bikes","Baldwin Bikes","Venita Daniel"
1059,"Lyndsey Bean",Fairport,NY,2017-08-14,1,269.99,"Electra Cruiser 1 (24-Inch) - 2016","Cruisers Bicycles","Baldwin Bikes","Venita Daniel"
1060,"Jenniffer Bullock","Bay Shore",NY,2017-08-15,1,3999.99,"Trek Slash 8 27.5 - 2016","Mountain Bikes","Baldwin Bikes","Marcelene Boyer"
1060,"Jenniffer Bullock","Bay Shore",NY,2017-08-15,2,3361.98,"Surly Straggler 650b - 2016","Cyclocross Bicycles","Baldwin Bikes","Marcelene Boyer"
1060,"Jenniffer Bullock","Bay Shore",NY,2017-08-15,2,9999.98,"Trek Powerfly 8 FS Plus - 2017","Electric Bikes","Baldwin Bikes","Marcelene Boyer"
1060,"Jenniffer Bullock","Bay Shore",NY,2017-08-15,2,1999.98,"Surly Ice Cream Truck Frameset - 2017","Mountain Bikes","Baldwin Bikes","Marcelene Boyer"
1061,"Marylyn Browning",Scarsdale,NY,2017-08-15,1,269.99,"Electra Girl's Hawaii 1 (16-inch) - 2015/2016","Cruisers Bicycles","Baldwin Bikes","Venita Daniel"
1061,"Marylyn Browning",Scarsdale,NY,2017-08-15,1,449.00,"Pure Cycles William 3-Speed - 2016","Cruisers Bicycles","Baldwin Bikes","Venita Daniel"
1062,"Shawnna Frank",Woodside,NY,2017-08-15,1,269.99,"Electra Cruiser 1 (24-Inch) - 2016","Cruisers Bicycles","Baldwin Bikes","Marcelene Boyer"
1062,"Shawnna Frank",Woodside,NY,2017-08-15,2,941.98,"Sun Bicycles Drifter 7 - Women's - 2017","Comfort Bicycles","Baldwin Bikes","Marcelene Boyer"
1062,"Shawnna Frank",Woodside,NY,2017-08-15,1,1320.99,"Heller Shagamaw Frame - 2016","Mountain Bikes","Baldwin Bikes","Marcelene Boyer"
1062,"Shawnna Frank",Woodside,NY,2017-08-15,1,549.99,"Electra Townie Original 21D - 2016","Cruisers Bicycles","Baldwin Bikes","Marcelene Boyer"
1065,"Regenia Vaughan",Mahopac,NY,2017-08-17,2,2999.98,"Trek Emonda S 4 - 2017","Road Bikes","Baldwin Bikes","Venita Daniel"
1065,"Regenia Vaughan",Mahopac,NY,2017-08-17,2,1103.98,"Sun Bicycles Streamway 3 - 2017","Comfort Bicycles","Baldwin Bikes","Venita Daniel"
1065,"Regenia Vaughan",Mahopac,NY,2017-08-17,1,3499.99,"Trek Boone Race Shop Limited - 2017","Cyclocross Bicycles","Baldwin Bikes","Venita Daniel"
1066,"Raul Melendez",Elmhurst,NY,2017-08-17,2,1059.98,"Electra Moto 1 - 2016","Cruisers Bicycles","Baldwin Bikes","Venita Daniel"
1066,"Raul Melendez",Elmhurst,NY,2017-08-17,1,1409.99,"Haro SR 1.3 - 2017","Mountain Bikes","Baldwin Bikes","Venita Daniel"
1066,"Raul Melendez",Elmhurst,NY,2017-08-17,1,549.99,"Electra Townie Original 21D - 2016","Cruisers Bicycles","Baldwin Bikes","Venita Daniel"
1067,"Barbera Riggs",Plainview,NY,2017-08-17,2,879.98,"Electra Cruiser Lux 1 - 2017","Cruisers Bicycles","Baldwin Bikes","Venita Daniel"
1067,"Barbera Riggs",Plainview,NY,2017-08-17,2,5999.98,"Trek Conduit+ - 2016","Electric Bikes","Baldwin Bikes","Venita Daniel"
1067,"Barbera Riggs",Plainview,NY,2017-08-17,2,1239.98,"Sun Bicycles Biscayne Tandem 7 - 2017","Cruisers Bicycles","Baldwin Bikes","Venita Daniel"
1067,"Barbera Riggs",Plainview,NY,2017-08-17,2,939.98,"Surly Ice Cream Truck Frameset - 2016","Mountain Bikes","Baldwin Bikes","Venita Daniel"
1068,"Courtney Wyatt","Garden City",NY,2017-08-17,2,379.98,"Trek Precaliber 12 Boys - 2017","Children Bicycles","Baldwin Bikes","Venita Daniel"
1068,"Courtney Wyatt","Garden City",NY,2017-08-17,1,659.99,"Electra Amsterdam Original 3i Ladies' - 2017","Cruisers Bicycles","Baldwin Bikes","Venita Daniel"
1068,"Courtney Wyatt","Garden City",NY,2017-08-17,2,6999.98,"Trek Domane SL 6 - 2017","Road Bikes","Baldwin Bikes","Venita Daniel"
1068,"Courtney Wyatt","Garden City",NY,2017-08-17,2,1739.98,"Haro SR 1.2 - 2017","Mountain Bikes","Baldwin Bikes","Venita Daniel"
1069,"Lise Alvarado",Hamburg,NY,2017-08-17,1,416.99,"Sun Bicycles Cruz 7 - Women's - 2017","Comfort Bicycles","Baldwin Bikes","Marcelene Boyer"
1069,"Lise Alvarado",Hamburg,NY,2017-08-17,1,209.99,"Haro Shredder 20 Girls - 2017","Children Bicycles","Baldwin Bikes","Marcelene Boyer"
1070,"Emelda Dickerson",Hamburg,NY,2017-08-17,1,470.99,"Sun Bicycles Drifter 7 - 2017","Comfort Bicycles","Baldwin Bikes","Venita Daniel"
1070,"Emelda Dickerson",Hamburg,NY,2017-08-17,2,898.00,"Pure Cycles Western 3-Speed - Women's - 2015/2016","Cruisers Bicycles","Baldwin Bikes","Venita Daniel"
1070,"Emelda Dickerson",Hamburg,NY,2017-08-17,1,249.99,"Haro Shredder Pro 20 - 2017","Children Bicycles","Baldwin Bikes","Venita Daniel"
1073,"Nikita Roy",Pittsford,NY,2017-08-18,1,1099.99,"Electra Amsterdam Fashion 7i Ladies' - 2017","Cruisers Bicycles","Baldwin Bikes","Venita Daniel"
1073,"Nikita Roy",Pittsford,NY,2017-08-18,1,269.99,"Electra Cruiser 1 (24-Inch) - 2016","Cruisers Bicycles","Baldwin Bikes","Venita Daniel"
1073,"Nikita Roy",Pittsford,NY,2017-08-18,1,599.99,"Electra Townie Original 7D EQ - Women's - 2016","Cruisers Bicycles","Baldwin Bikes","Venita Daniel"
1074,"Deshawn Mendoza",Monsey,NY,2017-08-19,1,2599.99,"Trek Domane S 5 Disc - 2017","Road Bikes","Baldwin Bikes","Marcelene Boyer"
1074,"Deshawn Mendoza",Monsey,NY,2017-08-19,1,189.99,"Trek Precaliber 12 Boys - 2017","Children Bicycles","Baldwin Bikes","Marcelene Boyer"
1074,"Deshawn Mendoza",Monsey,NY,2017-08-19,2,419.98,"Trek Precaliber 16 Boys - 2017","Children Bicycles","Baldwin Bikes","Marcelene Boyer"
1076,"Tangela Quinn","Richmond Hill",NY,2017-08-19,1,299.99,"Electra Girl's Hawaii 1 16" - 2017","Children Bicycles","Baldwin Bikes","Marcelene Boyer"
1076,"Tangela Quinn","Richmond Hill",NY,2017-08-19,1,489.99,"Electra Townie Original 7D - 2017","Comfort Bicycles","Baldwin Bikes","Marcelene Boyer"
1076,"Tangela Quinn","Richmond Hill",NY,2017-08-19,2,1499.98,"Sun Bicycles Brickell Tandem 7 - 2017","Cruisers Bicycles","Baldwin Bikes","Marcelene Boyer"
1077,"Dexter Roberts",Sunnyside,NY,2017-08-19,2,3119.98,"Sun Bicycles ElectroLite - 2017","Electric Bikes","Baldwin Bikes","Marcelene Boyer"
1078,"Chantay Maynard",Elmhurst,NY,2017-08-19,2,599.98,"Electra Girl's Hawaii 1 16" - 2017","Cruisers Bicycles","Baldwin Bikes","Marcelene Boyer"
1078,"Chantay Maynard",Elmhurst,NY,2017-08-19,2,3119.98,"Sun Bicycles ElectroLite - 2017","Electric Bikes","Baldwin Bikes","Marcelene Boyer"
1078,"Chantay Maynard",Elmhurst,NY,2017-08-19,1,529.99,"Electra Moto 1 - 2016","Cruisers Bicycles","Baldwin Bikes","Marcelene Boyer"
1078,"Chantay Maynard",Elmhurst,NY,2017-08-19,2,3098.00,"Surly Straggler - 2016","Cyclocross Bicycles","Baldwin Bikes","Marcelene Boyer"
1078,"Chantay Maynard",Elmhurst,NY,2017-08-19,2,1239.98,"Sun Bicycles Biscayne Tandem 7 - 2017","Cruisers Bicycles","Baldwin Bikes","Marcelene Boyer"
1079,"Martha Burgess",Woodhaven,NY,2017-08-19,2,1319.98,"Electra Amsterdam Original 3i - 2015/2017","Cruisers Bicycles","Baldwin Bikes","Venita Daniel"
1080,"Cori Schwartz",Jamaica,NY,2017-08-19,1,1632.99,"Surly Wednesday - 2017","Mountain Bikes","Baldwin Bikes","Venita Daniel"
1080,"Cori Schwartz",Jamaica,NY,2017-08-19,1,4999.99,"Trek Fuel EX 9.8 29 - 2017","Mountain Bikes","Baldwin Bikes","Venita Daniel"
1080,"Cori Schwartz",Jamaica,NY,2017-08-19,1,5999.99,"Trek Silque SLR 7 Women's - 2017","Road Bikes","Baldwin Bikes","Venita Daniel"
1080,"Cori Schwartz",Jamaica,NY,2017-08-19,2,939.98,"Trek Farley Alloy Frameset - 2017","Mountain Bikes","Baldwin Bikes","Venita Daniel"
1080,"Cori Schwartz",Jamaica,NY,2017-08-19,1,149.99,"Trek Girl's Kickster - 2017","Children Bicycles","Baldwin Bikes","Venita Daniel"
1081,"Jerri Henry","Spring Valley",NY,2017-08-19,2,1751.98,"Surly Steamroller - 2017","Road Bikes","Baldwin Bikes","Marcelene Boyer"
1082,"Consuela Romero",Monroe,NY,2017-08-20,2,1999.98,"Trek X-Caliber 8 - 2017","Mountain Bikes","Baldwin Bikes","Marcelene Boyer"
1083,"Renna Williams","South Ozone Park",NY,2017-08-20,2,693.98,"Sun Bicycles Lil Bolt Type-R - 2017","Cruisers Bicycles","Baldwin Bikes","Marcelene Boyer"
1083,"Renna Williams","South Ozone Park",NY,2017-08-20,2,1599.98,"Electra Glam Punk 3i Ladies' - 2017","Cruisers Bicycles","Baldwin Bikes","Marcelene Boyer"
1083,"Renna Williams","South Ozone Park",NY,2017-08-20,1,4999.99,"Trek Powerfly 8 FS Plus - 2017","Electric Bikes","Baldwin Bikes","Marcelene Boyer"
1083,"Renna Williams","South Ozone Park",NY,2017-08-20,1,469.99,"Surly Wednesday Frameset - 2017","Mountain Bikes","Baldwin Bikes","Marcelene Boyer"
1086,"Lucio Sherman",Smithtown,NY,2017-08-21,1,449.99,"Sun Bicycles Cruz 3 - Women's - 2017","Comfort Bicycles","Baldwin Bikes","Venita Daniel"
1086,"Lucio Sherman",Smithtown,NY,2017-08-21,1,250.99,"Sun Bicycles Revolutions 24 - Girl's - 2017","Cruisers Bicycles","Baldwin Bikes","Venita Daniel"
1086,"Lucio Sherman",Smithtown,NY,2017-08-21,2,2199.98,"Electra Amsterdam Fashion 7i Ladies' - 2017","Cruisers Bicycles","Baldwin Bikes","Venita Daniel"
1086,"Lucio Sherman",Smithtown,NY,2017-08-21,2,3098.00,"Surly Straggler - 2016","Cyclocross Bicycles","Baldwin Bikes","Venita Daniel"
1086,"Lucio Sherman",Smithtown,NY,2017-08-21,1,1320.99,"Heller Shagamaw Frame - 2016","Mountain Bikes","Baldwin Bikes","Venita Daniel"
1091,"Phuong Wolf",Schenectady,NY,2017-08-24,1,349.99,"Electra Savannah 3i (20-inch) - Girl's - 2017","Children Bicycles","Baldwin Bikes","Venita Daniel"
1091,"Phuong Wolf",Schenectady,NY,2017-08-24,1,5499.99,"Trek Domane SLR 6 Disc - 2017","Road Bikes","Baldwin Bikes","Venita Daniel"
1091,"Phuong Wolf",Schenectady,NY,2017-08-24,1,449.00,"Pure Cycles William 3-Speed - 2016","Cruisers Bicycles","Baldwin Bikes","Venita Daniel"
1094,"Renato Morton","Mount Vernon",NY,2017-08-25,1,416.99,"Sun Bicycles Atlas X-Type - 2017","Cruisers Bicycles","Baldwin Bikes","Marcelene Boyer"
1094,"Renato Morton","Mount Vernon",NY,2017-08-25,1,1680.99,"Surly Straggler 650b - 2016","Cyclocross Bicycles","Baldwin Bikes","Marcelene Boyer"
1094,"Renato Morton","Mount Vernon",NY,2017-08-25,1,549.99,"Electra Townie Original 21D - 2016","Comfort Bicycles","Baldwin Bikes","Marcelene Boyer"
1094,"Renato Morton","Mount Vernon",NY,2017-08-25,1,416.99,"Sun Bicycles Cruz 7 - 2017","Comfort Bicycles","Baldwin Bikes","Marcelene Boyer"
1097,"Whitley Cannon",Coram,NY,2017-08-27,1,299.99,"Electra Sugar Skulls 1 (20-inch) - Girl's - 2017","Children Bicycles","Baldwin Bikes","Marcelene Boyer"
1097,"Whitley Cannon",Coram,NY,2017-08-27,2,899.98,"Sun Bicycles Cruz 3 - 2017","Comfort Bicycles","Baldwin Bikes","Marcelene Boyer"
1097,"Whitley Cannon",Coram,NY,2017-08-27,2,979.98,"Electra Straight 8 3i (20-inch) - Boy's - 2017","Children Bicycles","Baldwin Bikes","Marcelene Boyer"
1097,"Whitley Cannon",Coram,NY,2017-08-27,1,449.00,"Pure Cycles William 3-Speed - 2016","Cruisers Bicycles","Baldwin Bikes","Marcelene Boyer"
1097,"Whitley Cannon",Coram,NY,2017-08-27,2,1665.98,"Sun Bicycles Spider 3i - 2017","Mountain Bikes","Baldwin Bikes","Marcelene Boyer"
1099,"Bea Kane",Mahopac,NY,2017-08-28,1,489.99,"Electra Townie Original 7D - 2017","Cruisers Bicycles","Baldwin Bikes","Marcelene Boyer"
1099,"Bea Kane",Mahopac,NY,2017-08-28,2,539.98,"Electra Cruiser 1 (24-Inch) - 2016","Cruisers Bicycles","Baldwin Bikes","Marcelene Boyer"
1099,"Bea Kane",Mahopac,NY,2017-08-28,1,1409.99,"Haro SR 1.3 - 2017","Mountain Bikes","Baldwin Bikes","Marcelene Boyer"
1099,"Bea Kane",Mahopac,NY,2017-08-28,2,419.98,"Trek Precaliber 16 Boys - 2017","Children Bicycles","Baldwin Bikes","Marcelene Boyer"
1100,"Trista Lambert",Fairport,NY,2017-08-28,1,549.99,"Electra Townie Original 21D - 2016","Cruisers Bicycles","Baldwin Bikes","Venita Daniel"
1100,"Trista Lambert",Fairport,NY,2017-08-28,2,5999.98,"Trek Conduit+ - 2016","Electric Bikes","Baldwin Bikes","Venita Daniel"
1101,"Mina Carrillo",Uniondale,NY,2017-08-29,1,533.99,"Sun Bicycles Streamway 7 - 2017","Comfort Bicycles","Baldwin Bikes","Venita Daniel"
1101,"Mina Carrillo",Uniondale,NY,2017-08-29,1,6499.99,"Trek Silque SLR 8 Women's - 2017","Road Bikes","Baldwin Bikes","Venita Daniel"
1102,"Glady Wells",Syosset,NY,2017-08-29,1,349.99,"Trek Precaliber 24 (21-Speed) - Girls - 2017","Children Bicycles","Baldwin Bikes","Marcelene Boyer"
1103,"Genny Fields",Amityville,NY,2017-08-31,1,449.99,"Sun Bicycles Cruz 3 - 2017","Comfort Bicycles","Baldwin Bikes","Venita Daniel"
1103,"Genny Fields",Amityville,NY,2017-08-31,2,2819.98,"Haro SR 1.3 - 2017","Mountain Bikes","Baldwin Bikes","Venita Daniel"
1104,"Trinity Riddle","Ballston Spa",NY,2017-09-01,1,429.00,"Pure Cycles Vine 8-Speed - 2016","Cruisers Bicycles","Baldwin Bikes","Marcelene Boyer"
1104,"Trinity Riddle","Ballston Spa",NY,2017-09-01,2,1319.98,"Electra Amsterdam Original 3i - 2015/2017","Cruisers Bicycles","Baldwin Bikes","Marcelene Boyer"
1104,"Trinity Riddle","Ballston Spa",NY,2017-09-01,1,5299.99,"Trek Fuel EX 9.8 27.5 Plus - 2017","Mountain Bikes","Baldwin Bikes","Marcelene Boyer"
1104,"Trinity Riddle","Ballston Spa",NY,2017-09-01,1,761.99,"Sun Bicycles Brickell Tandem CB - 2017","Cruisers Bicycles","Baldwin Bikes","Marcelene Boyer"
1106,"Deangelo Cooley",Rosedale,NY,2017-09-02,1,349.99,"Electra Moto 3i (20-inch) - Boy's - 2017","Children Bicycles","Baldwin Bikes","Marcelene Boyer"
1107,"Lashunda Cole",Monsey,NY,2017-09-02,1,5299.99,"Trek Fuel EX 9.8 27.5 Plus - 2017","Mountain Bikes","Baldwin Bikes","Venita Daniel"
1107,"Lashunda Cole",Monsey,NY,2017-09-02,2,2939.98,"Haro Shift R3 - 2017","Mountain Bikes","Baldwin Bikes","Venita Daniel"
1109,"Kaylee English",Hollis,NY,2017-09-03,2,1239.98,"Sun Bicycles Biscayne Tandem 7 - 2017","Cruisers Bicycles","Baldwin Bikes","Marcelene Boyer"
1110,"Inocencia Key","Massapequa Park",NY,2017-09-04,1,5499.99,"Trek Domane SLR 6 Disc - 2017","Road Bikes","Baldwin Bikes","Marcelene Boyer"
1111,"Delana Wagner","Clifton Park",NY,2017-09-04,1,299.99,"Electra Girl's Hawaii 1 16" - 2017","Children Bicycles","Baldwin Bikes","Marcelene Boyer"
1111,"Delana Wagner","Clifton Park",NY,2017-09-04,2,501.98,"Sun Bicycles Revolutions 24 - 2017","Cruisers Bicycles","Baldwin Bikes","Marcelene Boyer"
1111,"Delana Wagner","Clifton Park",NY,2017-09-04,1,269.99,"Electra Girl's Hawaii 1 (16-inch) - 2015/2016","Cruisers Bicycles","Baldwin Bikes","Marcelene Boyer"
1111,"Delana Wagner","Clifton Park",NY,2017-09-04,1,549.99,"Electra Townie Original 21D - 2016","Comfort Bicycles","Baldwin Bikes","Marcelene Boyer"
1112,"Alyse Jacobson","Massapequa Park",NY,2017-09-05,2,833.98,"Sun Bicycles Atlas X-Type - 2017","Cruisers Bicycles","Baldwin Bikes","Venita Daniel"
1112,"Alyse Jacobson","Massapequa Park",NY,2017-09-05,1,2299.99,"Trek Fuel EX 5 27.5 Plus - 2017","Mountain Bikes","Baldwin Bikes","Venita Daniel"
1112,"Alyse Jacobson","Massapequa Park",NY,2017-09-05,2,2641.98,"Heller Shagamaw Frame - 2016","Mountain Bikes","Baldwin Bikes","Venita Daniel"
1112,"Alyse Jacobson","Massapequa Park",NY,2017-09-05,2,379.98,"Trek Precaliber 12 Boys - 2017","Children Bicycles","Baldwin Bikes","Venita Daniel"
1112,"Alyse Jacobson","Massapequa Park",NY,2017-09-05,2,5999.98,"Trek Conduit+ - 2016","Electric Bikes","Baldwin Bikes","Venita Daniel"
1113,"Aleta Stone",Whitestone,NY,2017-09-06,1,449.99,"Sun Bicycles Cruz 3 - 2017","Comfort Bicycles","Baldwin Bikes","Venita Daniel"
1114,"Randee Lester",Centereach,NY,2017-09-06,1,875.99,"Surly Steamroller - 2017","Road Bikes","Baldwin Bikes","Marcelene Boyer"
1115,"Penny Acevedo","Ballston Spa",NY,2017-09-07,2,699.98,"Electra Savannah 3i (20-inch) - Girl's - 2017","Children Bicycles","Baldwin Bikes","Marcelene Boyer"
1115,"Penny Acevedo","Ballston Spa",NY,2017-09-07,2,11999.98,"Trek Silque SLR 7 Women's - 2017","Road Bikes","Baldwin Bikes","Marcelene Boyer"
1115,"Penny Acevedo","Ballston Spa",NY,2017-09-07,2,699.98,"Trek Precaliber 24 (21-Speed) - Girls - 2017","Children Bicycles","Baldwin Bikes","Marcelene Boyer"
1115,"Penny Acevedo","Ballston Spa",NY,2017-09-07,2,6999.98,"Trek Domane SL 6 - 2017","Road Bikes","Baldwin Bikes","Marcelene Boyer"
1116,"Tu Ramirez","East Elmhurst",NY,2017-09-08,2,3361.98,"Surly Straggler 650b - 2016","Cyclocross Bicycles","Baldwin Bikes","Venita Daniel"
1117,"Somer Jordan","Huntington Station",NY,2017-09-08,2,759.98,"Haro Flightline One ST - 2017","Mountain Bikes","Baldwin Bikes","Marcelene Boyer"
1117,"Somer Jordan","Huntington Station",NY,2017-09-08,1,349.99,"Trek Precaliber 24 (21-Speed) - Girls - 2017","Children Bicycles","Baldwin Bikes","Marcelene Boyer"
1117,"Somer Jordan","Huntington Station",NY,2017-09-08,2,12999.98,"Trek Silque SLR 8 Women's - 2017","Road Bikes","Baldwin Bikes","Marcelene Boyer"
1118,"Adena Blake","Ballston Spa",NY,2017-09-08,2,5399.98,"Trek Domane S 6 - 2017","Road Bikes","Baldwin Bikes","Marcelene Boyer"
1118,"Adena Blake","Ballston Spa",NY,2017-09-08,1,5999.99,"Trek Silque SLR 7 Women's - 2017","Road Bikes","Baldwin Bikes","Marcelene Boyer"
1118,"Adena Blake","Ballston Spa",NY,2017-09-08,1,999.99,"Trek X-Caliber 8 - 2017","Mountain Bikes","Baldwin Bikes","Marcelene Boyer"
1118,"Adena Blake","Ballston Spa",NY,2017-09-08,2,10599.98,"Trek Remedy 9.8 - 2017","Mountain Bikes","Baldwin Bikes","Marcelene Boyer"
1120,"Gustavo Gamble","Port Washington",NY,2017-09-10,2,419.98,"Haro Shredder 20 - 2017","Children Bicycles","Baldwin Bikes","Venita Daniel"
1120,"Gustavo Gamble","Port Washington",NY,2017-09-10,1,1632.99,"Surly Wednesday - 2017","Mountain Bikes","Baldwin Bikes","Venita Daniel"
1120,"Gustavo Gamble","Port Washington",NY,2017-09-10,2,1999.98,"Surly Ice Cream Truck Frameset - 2017","Mountain Bikes","Baldwin Bikes","Venita Daniel"
1120,"Gustavo Gamble","Port Washington",NY,2017-09-10,1,209.99,"Haro Shredder 20 Girls - 2017","Children Bicycles","Baldwin Bikes","Venita Daniel"
1120,"Gustavo Gamble","Port Washington",NY,2017-09-10,1,249.99,"Haro Shredder Pro 20 - 2017","Children Bicycles","Baldwin Bikes","Venita Daniel"
1121,"Janae Doyle","Jackson Heights",NY,2017-09-11,2,3361.98,"Surly Straggler 650b - 2016","Cyclocross Bicycles","Baldwin Bikes","Venita Daniel"
1121,"Janae Doyle","Jackson Heights",NY,2017-09-11,2,941.98,"Sun Bicycles Drifter 7 - 2017","Comfort Bicycles","Baldwin Bikes","Venita Daniel"
1122,"Parthenia Holman",Ithaca,NY,2017-09-12,2,5999.98,"Trek Conduit+ - 2016","Electric Bikes","Baldwin Bikes","Marcelene Boyer"
1122,"Parthenia Holman",Ithaca,NY,2017-09-12,1,749.99,"Surly Ogre Frameset - 2017","Road Bikes","Baldwin Bikes","Marcelene Boyer"
1122,"Parthenia Holman",Ithaca,NY,2017-09-12,2,6999.98,"Trek Domane SL 6 - 2017","Road Bikes","Baldwin Bikes","Marcelene Boyer"
1122,"Parthenia Holman",Ithaca,NY,2017-09-12,2,2939.98,"Haro Shift R3 - 2017","Mountain Bikes","Baldwin Bikes","Marcelene Boyer"
1122,"Parthenia Holman",Ithaca,NY,2017-09-12,1,619.99,"Sun Bicycles Biscayne Tandem 7 - 2017","Cruisers Bicycles","Baldwin Bikes","Marcelene Boyer"
1123,"Benito Hendrix",Depew,NY,2017-09-13,2,693.98,"Sun Bicycles Lil Bolt Type-R - 2017","Cruisers Bicycles","Baldwin Bikes","Venita Daniel"
1123,"Benito Hendrix",Depew,NY,2017-09-13,2,9999.98,"Trek Powerfly 8 FS Plus - 2017","Electric Bikes","Baldwin Bikes","Venita Daniel"
1125,"Krissy Ochoa","Port Washington",NY,2017-09-14,2,1199.98,"Electra Townie Original 7D EQ - 2016","Cruisers Bicycles","Baldwin Bikes","Venita Daniel"
1125,"Krissy Ochoa","Port Washington",NY,2017-09-14,1,269.99,"Electra Cruiser 1 (24-Inch) - 2016","Children Bicycles","Baldwin Bikes","Venita Daniel"
1125,"Krissy Ochoa","Port Washington",NY,2017-09-14,2,2199.98,"Electra Amsterdam Fashion 7i Ladies' - 2017","Cruisers Bicycles","Baldwin Bikes","Venita Daniel"
1125,"Krissy Ochoa","Port Washington",NY,2017-09-14,1,549.99,"Electra Townie Original 21D - 2016","Comfort Bicycles","Baldwin Bikes","Venita Daniel"
1125,"Krissy Ochoa","Port Washington",NY,2017-09-14,2,939.98,"Trek Farley Alloy Frameset - 2017","Mountain Bikes","Baldwin Bikes","Venita Daniel"
1127,"Pearl Fox",Uniondale,NY,2017-09-15,2,599.98,"Electra Girl's Hawaii 1 (20-inch) - 2015/2016","Children Bicycles","Baldwin Bikes","Venita Daniel"
1127,"Pearl Fox",Uniondale,NY,2017-09-15,2,699.98,"Electra Moto 3i (20-inch) - Boy's - 2017","Children Bicycles","Baldwin Bikes","Venita Daniel"
1127,"Pearl Fox",Uniondale,NY,2017-09-15,1,379.99,"Haro Flightline One ST - 2017","Mountain Bikes","Baldwin Bikes","Venita Daniel"
1128,"Sherilyn Wilcox",Ossining,NY,2017-09-15,1,539.99,"Haro SR 1.1 - 2017","Mountain Bikes","Baldwin Bikes","Marcelene Boyer"
1128,"Sherilyn Wilcox",Ossining,NY,2017-09-15,1,1549.00,"Surly Straggler - 2016","Cyclocross Bicycles","Baldwin Bikes","Marcelene Boyer"
1128,"Sherilyn Wilcox",Ossining,NY,2017-09-15,2,693.98,"Sun Bicycles Lil Bolt Type-R - 2017","Cruisers Bicycles","Baldwin Bikes","Marcelene Boyer"
1129,"Alissa Hood","New Windsor",NY,2017-09-17,2,833.98,"Sun Bicycles Atlas X-Type - 2017","Cruisers Bicycles","Baldwin Bikes","Marcelene Boyer"
1129,"Alissa Hood","New Windsor",NY,2017-09-17,1,5499.99,"Trek Domane SLR 6 Disc - 2017","Road Bikes","Baldwin Bikes","Marcelene Boyer"
1129,"Alissa Hood","New Windsor",NY,2017-09-17,2,9999.98,"Trek Powerfly 8 FS Plus - 2017","Electric Bikes","Baldwin Bikes","Marcelene Boyer"
1132,"Margorie Wynn",Monsey,NY,2017-09-19,1,5299.99,"Trek Fuel EX 9.8 27.5 Plus - 2017","Mountain Bikes","Baldwin Bikes","Marcelene Boyer"
1132,"Margorie Wynn",Monsey,NY,2017-09-19,1,1549.00,"Surly Straggler - 2016","Cyclocross Bicycles","Baldwin Bikes","Marcelene Boyer"
1132,"Margorie Wynn",Monsey,NY,2017-09-19,2,1665.98,"Surly Troll Frameset - 2017","Mountain Bikes","Baldwin Bikes","Marcelene Boyer"
1132,"Margorie Wynn",Monsey,NY,2017-09-19,1,599.99,"Electra Townie Original 7D EQ - 2016","Cruisers Bicycles","Baldwin Bikes","Marcelene Boyer"
1133,"Buford Gilbert",Bellmore,NY,2017-09-19,2,5799.98,"Trek Fuel EX 8 29 - 2016","Mountain Bikes","Baldwin Bikes","Venita Daniel"
1133,"Buford Gilbert",Bellmore,NY,2017-09-19,1,429.00,"Pure Cycles Vine 8-Speed - 2016","Cruisers Bicycles","Baldwin Bikes","Venita Daniel"
1133,"Buford Gilbert",Bellmore,NY,2017-09-19,2,419.98,"Trek Precaliber 16 Girls - 2017","Children Bicycles","Baldwin Bikes","Venita Daniel"
1133,"Buford Gilbert",Bellmore,NY,2017-09-19,1,3499.99,"Trek Boone 7 - 2017","Cyclocross Bicycles","Baldwin Bikes","Venita Daniel"
1134,"Diana Reyes",Bronx,NY,2017-09-19,1,349.99,"Electra Savannah 3i (20-inch) - Girl's - 2017","Children Bicycles","Baldwin Bikes","Marcelene Boyer"
1134,"Diana Reyes",Bronx,NY,2017-09-19,1,832.99,"Surly Troll Frameset - 2017","Mountain Bikes","Baldwin Bikes","Marcelene Boyer"
1135,"Kate Barber","Saratoga Springs",NY,2017-09-19,2,679.98,"Electra Townie 7D (20-inch) - Boys' - 2017","Children Bicycles","Baldwin Bikes","Marcelene Boyer"
1135,"Kate Barber","Saratoga Springs",NY,2017-09-19,1,6499.99,"Trek Silque SLR 8 Women's - 2017","Road Bikes","Baldwin Bikes","Marcelene Boyer"
1136,"Rozella Fitzgerald",Shirley,NY,2017-09-20,1,533.99,"Sun Bicycles Streamway 7 - 2017","Comfort Bicycles","Baldwin Bikes","Marcelene Boyer"
1144,"Sonja Walls",Queensbury,NY,2017-09-24,1,189.99,"Trek Precaliber 12 Girls - 2017","Children Bicycles","Baldwin Bikes","Venita Daniel"
1145,"Jenna Saunders","Yorktown Heights",NY,2017-09-25,2,1067.98,"Sun Bicycles Streamway 7 - 2017","Comfort Bicycles","Baldwin Bikes","Marcelene Boyer"
1146,"Lamar Greer",Levittown,NY,2017-09-25,1,832.99,"Surly Troll Frameset - 2017","Mountain Bikes","Baldwin Bikes","Venita Daniel"
1146,"Lamar Greer",Levittown,NY,2017-09-25,1,489.99,"Electra Townie Original 7D - 2017","Cruisers Bicycles","Baldwin Bikes","Venita Daniel"
1146,"Lamar Greer",Levittown,NY,2017-09-25,1,1680.99,"Surly Straggler 650b - 2016","Cyclocross Bicycles","Baldwin Bikes","Venita Daniel"
1147,"Eloisa Tucker","Howard Beach",NY,2017-09-25,1,659.99,"Electra Amsterdam Original 3i Ladies' - 2017","Cruisers Bicycles","Baldwin Bikes","Marcelene Boyer"
1147,"Eloisa Tucker","Howard Beach",NY,2017-09-25,2,2999.98,"Trek Stache 5 - 2017","Mountain Bikes","Baldwin Bikes","Marcelene Boyer"
1148,"Dorine Thornton",Sunnyside,NY,2017-09-25,1,659.99,"Electra Amsterdam Original 3i Ladies' - 2017","Cruisers Bicycles","Baldwin Bikes","Venita Daniel"
1148,"Dorine Thornton",Sunnyside,NY,2017-09-25,1,269.99,"Electra Girl's Hawaii 1 (16-inch) - 2015/2016","Children Bicycles","Baldwin Bikes","Venita Daniel"
1148,"Dorine Thornton",Sunnyside,NY,2017-09-25,2,1599.98,"Electra Glam Punk 3i Ladies' - 2017","Cruisers Bicycles","Baldwin Bikes","Venita Daniel"
1148,"Dorine Thornton",Sunnyside,NY,2017-09-25,2,499.98,"Haro Shredder Pro 20 - 2017","Children Bicycles","Baldwin Bikes","Venita Daniel"
1149,"Malisa Mitchell","Mount Vernon",NY,2017-09-27,2,979.98,"Electra Straight 8 3i (20-inch) - Boy's - 2017","Children Bicycles","Baldwin Bikes","Venita Daniel"
1149,"Malisa Mitchell","Mount Vernon",NY,2017-09-27,1,1499.99,"Trek Emonda S 4 - 2017","Road Bikes","Baldwin Bikes","Venita Daniel"
1149,"Malisa Mitchell","Mount Vernon",NY,2017-09-27,1,4999.99,"Trek Madone 9.2 - 2017","Road Bikes","Baldwin Bikes","Venita Daniel"
1149,"Malisa Mitchell","Mount Vernon",NY,2017-09-27,1,329.99,"Haro Downtown 16 - 2017","Children Bicycles","Baldwin Bikes","Venita Daniel"
1149,"Malisa Mitchell","Mount Vernon",NY,2017-09-27,1,249.99,"Haro Shredder Pro 20 - 2017","Children Bicycles","Baldwin Bikes","Venita Daniel"
1150,"Kim Clark",Merrick,NY,2017-09-28,1,999.99,"Trek X-Caliber 8 - 2017","Mountain Bikes","Baldwin Bikes","Venita Daniel"
1150,"Kim Clark",Merrick,NY,2017-09-28,1,349.99,"Trek Precaliber 24 (21-Speed) - Girls - 2017","Children Bicycles","Baldwin Bikes","Venita Daniel"
1150,"Kim Clark",Merrick,NY,2017-09-28,2,963.98,"Sun Bicycles Streamway - 2017","Comfort Bicycles","Baldwin Bikes","Venita Daniel"
1150,"Kim Clark",Merrick,NY,2017-09-28,2,539.98,"Electra Cruiser 1 (24-Inch) - 2016","Children Bicycles","Baldwin Bikes","Venita Daniel"
1152,"Trang Hardin",Depew,NY,2017-09-29,1,4999.99,"Trek Madone 9.2 - 2017","Road Bikes","Baldwin Bikes","Marcelene Boyer"
1152,"Trang Hardin",Depew,NY,2017-09-29,2,699.98,"Trek Precaliber 24 (21-Speed) - Girls - 2017","Children Bicycles","Baldwin Bikes","Marcelene Boyer"
1152,"Trang Hardin",Depew,NY,2017-09-29,1,549.99,"Electra Townie Original 21D - 2016","Comfort Bicycles","Baldwin Bikes","Marcelene Boyer"
1153,"Devin Shaffer",Rochester,NY,2017-09-30,1,551.99,"Sun Bicycles Streamway 3 - 2017","Comfort Bicycles","Baldwin Bikes","Venita Daniel"
1153,"Devin Shaffer",Rochester,NY,2017-09-30,2,939.98,"Surly Ice Cream Truck Frameset - 2016","Mountain Bikes","Baldwin Bikes","Venita Daniel"
1154,"Tad Gardner","Niagara Falls",NY,2017-09-30,1,429.00,"Pure Cycles Vine 8-Speed - 2016","Cruisers Bicycles","Baldwin Bikes","Venita Daniel"
1154,"Tad Gardner","Niagara Falls",NY,2017-09-30,1,1559.99,"Sun Bicycles ElectroLite - 2017","Electric Bikes","Baldwin Bikes","Venita Daniel"
1154,"Tad Gardner","Niagara Falls",NY,2017-09-30,2,501.98,"Sun Bicycles Revolutions 24 - Girl's - 2017","Cruisers Bicycles","Baldwin Bikes","Venita Daniel"
1155,"Julia Joyner",Astoria,NY,2017-09-30,2,899.98,"Sun Bicycles Cruz 3 - 2017","Cruisers Bicycles","Baldwin Bikes","Venita Daniel"
1155,"Julia Joyner",Astoria,NY,2017-09-30,2,939.98,"Surly Ice Cream Truck Frameset - 2016","Mountain Bikes","Baldwin Bikes","Venita Daniel"
1155,"Julia Joyner",Astoria,NY,2017-09-30,1,832.99,"Sun Bicycles Spider 3i - 2017","Mountain Bikes","Baldwin Bikes","Venita Daniel"
1155,"Julia Joyner",Astoria,NY,2017-09-30,2,1599.98,"Electra Glam Punk 3i Ladies' - 2017","Cruisers Bicycles","Baldwin Bikes","Venita Daniel"
1156,"Rodrigo Durham","Richmond Hill",NY,2017-09-30,2,941.98,"Sun Bicycles Drifter 7 - Women's - 2017","Comfort Bicycles","Baldwin Bikes","Venita Daniel"
1156,"Rodrigo Durham","Richmond Hill",NY,2017-09-30,1,149.99,"Trek Girl's Kickster - 2017","Children Bicycles","Baldwin Bikes","Venita Daniel"
1161,"Kathie Freeman",Queensbury,NY,2017-10-01,2,833.98,"Sun Bicycles Atlas X-Type - 2017","Cruisers Bicycles","Baldwin Bikes","Venita Daniel"
1161,"Kathie Freeman",Queensbury,NY,2017-10-01,1,549.99,"Haro Flightline Two 26 Plus - 2017","Mountain Bikes","Baldwin Bikes","Venita Daniel"
1161,"Kathie Freeman",Queensbury,NY,2017-10-01,1,269.99,"Electra Girl's Hawaii 1 (16-inch) - 2015/2016","Children Bicycles","Baldwin Bikes","Venita Daniel"
1161,"Kathie Freeman",Queensbury,NY,2017-10-01,2,1999.98,"Trek X-Caliber 8 - 2017","Mountain Bikes","Baldwin Bikes","Venita Daniel"
1162,"Coleen Navarro",Webster,NY,2017-10-01,1,189.99,"Trek Precaliber 12 Girls - 2017","Children Bicycles","Baldwin Bikes","Marcelene Boyer"
1162,"Coleen Navarro",Webster,NY,2017-10-01,2,9999.98,"Trek Fuel EX 9.8 29 - 2017","Mountain Bikes","Baldwin Bikes","Marcelene Boyer"
1162,"Coleen Navarro",Webster,NY,2017-10-01,1,149.99,"Trek Girl's Kickster - 2017","Children Bicycles","Baldwin Bikes","Marcelene Boyer"
1162,"Coleen Navarro",Webster,NY,2017-10-01,1,1469.99,"Haro Shift R3 - 2017","Mountain Bikes","Baldwin Bikes","Marcelene Boyer"
1162,"Coleen Navarro",Webster,NY,2017-10-01,2,1099.98,"Electra Townie Original 21D - 2016","Cruisers Bicycles","Baldwin Bikes","Marcelene Boyer"
1163,"Ocie Slater",Hamburg,NY,2017-10-01,2,6999.98,"Trek Boone Race Shop Limited - 2017","Cyclocross Bicycles","Baldwin Bikes","Marcelene Boyer"
1163,"Ocie Slater",Hamburg,NY,2017-10-01,2,1499.98,"Surly Ogre Frameset - 2017","Road Bikes","Baldwin Bikes","Marcelene Boyer"
1164,"Lillia Gillespie","Rego Park",NY,2017-10-01,1,1799.99,"Trek Remedy 29 Carbon Frameset - 2016","Mountain Bikes","Baldwin Bikes","Marcelene Boyer"
1164,"Lillia Gillespie","Rego Park",NY,2017-10-01,1,647.99,"Sun Bicycles Biscayne Tandem CB - 2017","Cruisers Bicycles","Baldwin Bikes","Marcelene Boyer"
1164,"Lillia Gillespie","Rego Park",NY,2017-10-01,2,1103.98,"Sun Bicycles Streamway 3 - 2017","Comfort Bicycles","Baldwin Bikes","Marcelene Boyer"
1164,"Lillia Gillespie","Rego Park",NY,2017-10-01,2,1079.98,"Haro SR 1.1 - 2017","Mountain Bikes","Baldwin Bikes","Marcelene Boyer"
1165,"Tilda Melton",Troy,NY,2017-10-02,2,693.98,"Sun Bicycles Lil Bolt Type-R - 2017","Cruisers Bicycles","Baldwin Bikes","Venita Daniel"
1165,"Tilda Melton",Troy,NY,2017-10-02,1,449.99,"Sun Bicycles Cruz 3 - 2017","Cruisers Bicycles","Baldwin Bikes","Venita Daniel"
1166,"Virgil Frost",Levittown,NY,2017-10-03,2,1103.98,"Sun Bicycles Streamway 3 - 2017","Comfort Bicycles","Baldwin Bikes","Venita Daniel"
1168,"Tonja Bean",Fairport,NY,2017-10-04,2,599.98,"Electra Girl's Hawaii 1 (20-inch) - 2015/2016","Children Bicycles","Baldwin Bikes","Marcelene Boyer"
1168,"Tonja Bean",Fairport,NY,2017-10-04,1,659.99,"Electra Amsterdam Original 3i Ladies' - 2017","Cruisers Bicycles","Baldwin Bikes","Marcelene Boyer"
1168,"Tonja Bean",Fairport,NY,2017-10-04,1,6499.99,"Trek Silque SLR 8 Women's - 2017","Road Bikes","Baldwin Bikes","Marcelene Boyer"
1168,"Tonja Bean",Fairport,NY,2017-10-04,2,833.98,"Sun Bicycles Cruz 7 - 2017","Comfort Bicycles","Baldwin Bikes","Marcelene Boyer"
1168,"Tonja Bean",Fairport,NY,2017-10-04,2,1059.98,"Electra Moto 1 - 2016","Cruisers Bicycles","Baldwin Bikes","Marcelene Boyer"
1169,"Edris Barrett",Plattsburgh,NY,2017-10-04,2,699.98,"Trek Precaliber 24 (21-Speed) - Girls - 2017","Children Bicycles","Baldwin Bikes","Venita Daniel"
1169,"Edris Barrett",Plattsburgh,NY,2017-10-04,1,6499.99,"Trek Silque SLR 8 Women's - 2017","Road Bikes","Baldwin Bikes","Venita Daniel"
1169,"Edris Barrett",Plattsburgh,NY,2017-10-04,2,9999.98,"Trek Madone 9.2 - 2017","Road Bikes","Baldwin Bikes","Venita Daniel"
1169,"Edris Barrett",Plattsburgh,NY,2017-10-04,2,2199.98,"Electra Amsterdam Fashion 7i Ladies' - 2017","Cruisers Bicycles","Baldwin Bikes","Venita Daniel"
1170,"Alejandro Haney",Wantagh,NY,2017-10-05,1,529.99,"Electra Moto 1 - 2016","Cruisers Bicycles","Baldwin Bikes","Marcelene Boyer"
1170,"Alejandro Haney",Wantagh,NY,2017-10-05,2,10599.98,"Trek Remedy 9.8 - 2017","Mountain Bikes","Baldwin Bikes","Marcelene Boyer"
1170,"Alejandro Haney",Wantagh,NY,2017-10-05,2,6999.98,"Trek Boone 7 - 2017","Cyclocross Bicycles","Baldwin Bikes","Marcelene Boyer"
1171,"Shay Stephenson",Smithtown,NY,2017-10-05,2,499.98,"Haro Shredder Pro 20 - 2017","Children Bicycles","Baldwin Bikes","Marcelene Boyer"
1171,"Shay Stephenson",Smithtown,NY,2017-10-05,2,419.98,"Haro Shredder 20 - 2017","Children Bicycles","Baldwin Bikes","Marcelene Boyer"
1171,"Shay Stephenson",Smithtown,NY,2017-10-05,2,3098.00,"Surly Straggler - 2016","Cyclocross Bicycles","Baldwin Bikes","Marcelene Boyer"
1172,"Neida King",Oceanside,NY,2017-10-07,2,1295.98,"Sun Bicycles Biscayne Tandem CB - 2017","Cruisers Bicycles","Baldwin Bikes","Venita Daniel"
1172,"Neida King",Oceanside,NY,2017-10-07,1,481.99,"Sun Bicycles Streamway - 2017","Comfort Bicycles","Baldwin Bikes","Venita Daniel"
1173,"Dori Alvarez",Kingston,NY,2017-10-08,1,299.99,"Electra Girl's Hawaii 1 16" - 2017","Children Bicycles","Baldwin Bikes","Venita Daniel"
1173,"Dori Alvarez",Kingston,NY,2017-10-08,1,429.00,"Pure Cycles Vine 8-Speed - 2016","Cruisers Bicycles","Baldwin Bikes","Venita Daniel"
1173,"Dori Alvarez",Kingston,NY,2017-10-08,1,449.99,"Sun Bicycles Cruz 3 - 2017","Cruisers Bicycles","Baldwin Bikes","Venita Daniel"
1173,"Dori Alvarez",Kingston,NY,2017-10-08,2,1103.98,"Sun Bicycles Streamway 3 - 2017","Comfort Bicycles","Baldwin Bikes","Venita Daniel"
1174,"Gussie Harding","Deer Park",NY,2017-10-08,2,941.98,"Sun Bicycles Drifter 7 - 2017","Comfort Bicycles","Baldwin Bikes","Marcelene Boyer"
1174,"Gussie Harding","Deer Park",NY,2017-10-08,1,469.99,"Surly Ice Cream Truck Frameset - 2016","Mountain Bikes","Baldwin Bikes","Marcelene Boyer"
1174,"Gussie Harding","Deer Park",NY,2017-10-08,1,449.99,"Sun Bicycles Cruz 3 - 2017","Comfort Bicycles","Baldwin Bikes","Marcelene Boyer"
1175,"Monty Frost",Hempstead,NY,2017-10-09,2,9999.98,"Trek Madone 9.2 - 2017","Road Bikes","Baldwin Bikes","Marcelene Boyer"
1175,"Monty Frost",Hempstead,NY,2017-10-09,1,346.99,"Sun Bicycles Lil Bolt Type-R - 2017","Cruisers Bicycles","Baldwin Bikes","Marcelene Boyer"
1175,"Monty Frost",Hempstead,NY,2017-10-09,1,599.99,"Electra Townie Original 7D EQ - Women's - 2016","Cruisers Bicycles","Baldwin Bikes","Marcelene Boyer"
1175,"Monty Frost",Hempstead,NY,2017-10-09,1,999.99,"Surly Wednesday Frameset - 2016","Mountain Bikes","Baldwin Bikes","Marcelene Boyer"
1175,"Monty Frost",Hempstead,NY,2017-10-09,1,2999.99,"Trek Conduit+ - 2016","Electric Bikes","Baldwin Bikes","Marcelene Boyer"
1178,"Agnes Sims",Buffalo,NY,2017-10-12,1,1409.99,"Haro SR 1.3 - 2017","Mountain Bikes","Baldwin Bikes","Marcelene Boyer"
1178,"Agnes Sims",Buffalo,NY,2017-10-12,1,799.99,"Electra Glam Punk 3i Ladies' - 2017","Cruisers Bicycles","Baldwin Bikes","Marcelene Boyer"
1178,"Agnes Sims",Buffalo,NY,2017-10-12,1,449.99,"Sun Bicycles Cruz 3 - Women's - 2017","Comfort Bicycles","Baldwin Bikes","Marcelene Boyer"
1178,"Agnes Sims",Buffalo,NY,2017-10-12,2,539.98,"Electra Cruiser 1 (24-Inch) - 2016","Cruisers Bicycles","Baldwin Bikes","Marcelene Boyer"
1181,"Hye Mercer",Mahopac,NY,2017-10-13,1,489.99,"Electra Straight 8 3i (20-inch) - Boy's - 2017","Children Bicycles","Baldwin Bikes","Venita Daniel"
1182,"Tempie Jacobson",Smithtown,NY,2017-10-13,1,832.99,"Sun Bicycles Spider 3i - 2017","Mountain Bikes","Baldwin Bikes","Venita Daniel"
1182,"Tempie Jacobson",Smithtown,NY,2017-10-13,2,6999.98,"Trek Domane SL 6 - 2017","Road Bikes","Baldwin Bikes","Venita Daniel"
1183,"Wai Soto",Bethpage,NY,2017-10-14,1,3499.99,"Trek Boone Race Shop Limited - 2017","Cyclocross Bicycles","Baldwin Bikes","Marcelene Boyer"
1183,"Wai Soto",Bethpage,NY,2017-10-14,2,1523.98,"Sun Bicycles Brickell Tandem CB - 2017","Cruisers Bicycles","Baldwin Bikes","Marcelene Boyer"
1183,"Wai Soto",Bethpage,NY,2017-10-14,2,939.98,"Surly Ice Cream Truck Frameset - 2016","Mountain Bikes","Baldwin Bikes","Marcelene Boyer"
1184,"Mary Singleton",Woodside,NY,2017-10-14,2,1199.98,"Electra Townie Original 7D EQ - 2016","Cruisers Bicycles","Baldwin Bikes","Marcelene Boyer"
1184,"Mary Singleton",Woodside,NY,2017-10-14,1,416.99,"Sun Bicycles Atlas X-Type - 2017","Cruisers Bicycles","Baldwin Bikes","Marcelene Boyer"
1185,"Arline Lawson",Hempstead,NY,2017-10-14,2,898.00,"Pure Cycles William 3-Speed - 2016","Cruisers Bicycles","Baldwin Bikes","Marcelene Boyer"
1185,"Arline Lawson",Hempstead,NY,2017-10-14,1,269.99,"Electra Cruiser 1 (24-Inch) - 2016","Children Bicycles","Baldwin Bikes","Marcelene Boyer"
1185,"Arline Lawson",Hempstead,NY,2017-10-14,2,6999.98,"Trek Boone Race Shop Limited - 2017","Cyclocross Bicycles","Baldwin Bikes","Marcelene Boyer"
1185,"Arline Lawson",Hempstead,NY,2017-10-14,1,761.99,"Sun Bicycles Brickell Tandem CB - 2017","Cruisers Bicycles","Baldwin Bikes","Marcelene Boyer"
1186,"Karole Alvarez","East Northport",NY,2017-10-14,2,2999.98,"Trek Emonda S 4 - 2017","Road Bikes","Baldwin Bikes","Marcelene Boyer"
1186,"Karole Alvarez","East Northport",NY,2017-10-14,1,3499.99,"Trek Domane SL 6 - 2017","Road Bikes","Baldwin Bikes","Marcelene Boyer"
1186,"Karole Alvarez","East Northport",NY,2017-10-14,1,449.99,"Sun Bicycles Cruz 3 - 2017","Comfort Bicycles","Baldwin Bikes","Marcelene Boyer"
1186,"Karole Alvarez","East Northport",NY,2017-10-14,1,999.99,"Surly Big Dummy Frameset - 2017","Mountain Bikes","Baldwin Bikes","Marcelene Boyer"
1187,"Valeri Marshall","East Meadow",NY,2017-10-15,2,1665.98,"Surly Troll Frameset - 2017","Mountain Bikes","Baldwin Bikes","Marcelene Boyer"
1187,"Valeri Marshall","East Meadow",NY,2017-10-15,1,402.99,"Sun Bicycles Boardwalk (24-inch Wheels) - 2017","Cruisers Bicycles","Baldwin Bikes","Marcelene Boyer"
1187,"Valeri Marshall","East Meadow",NY,2017-10-15,1,2899.99,"Trek Fuel EX 8 29 - 2016","Mountain Bikes","Baldwin Bikes","Marcelene Boyer"
1187,"Valeri Marshall","East Meadow",NY,2017-10-15,2,1499.98,"Surly Ogre Frameset - 2017","Road Bikes","Baldwin Bikes","Marcelene Boyer"
1188,"Janelle Maldonado","Richmond Hill",NY,2017-10-15,2,501.98,"Sun Bicycles Revolutions 24 - 2017","Cruisers Bicycles","Baldwin Bikes","Venita Daniel"
1188,"Janelle Maldonado","Richmond Hill",NY,2017-10-15,2,699.98,"Trek Precaliber 24 (21-Speed) - Girls - 2017","Children Bicycles","Baldwin Bikes","Venita Daniel"
1188,"Janelle Maldonado","Richmond Hill",NY,2017-10-15,2,379.98,"Trek Precaliber 12 Boys - 2017","Children Bicycles","Baldwin Bikes","Venita Daniel"
1189,"Ira Erickson","Port Jefferson Station",NY,2017-10-15,1,2699.99,"Trek Domane S 6 - 2017","Road Bikes","Baldwin Bikes","Marcelene Boyer"
1189,"Ira Erickson","Port Jefferson Station",NY,2017-10-15,2,979.98,"Electra Townie Original 7D - 2017","Comfort Bicycles","Baldwin Bikes","Marcelene Boyer"
1189,"Ira Erickson","Port Jefferson Station",NY,2017-10-15,2,9999.98,"Trek Fuel EX 9.8 29 - 2017","Mountain Bikes","Baldwin Bikes","Marcelene Boyer"
1190,"Brittney Woodward","East Northport",NY,2017-10-16,1,416.99,"Sun Bicycles Atlas X-Type - 2017","Cruisers Bicycles","Baldwin Bikes","Marcelene Boyer"
1191,"Ken Charles",Monsey,NY,2017-10-17,2,9999.98,"Trek Fuel EX 9.8 29 - 2017","Mountain Bikes","Baldwin Bikes","Marcelene Boyer"
1191,"Ken Charles",Monsey,NY,2017-10-17,2,419.98,"Trek Precaliber 16 Boys - 2017","Children Bicycles","Baldwin Bikes","Marcelene Boyer"
1191,"Ken Charles",Monsey,NY,2017-10-17,1,489.99,"Electra Townie 3i EQ (20-inch) - Boys' - 2017","Children Bicycles","Baldwin Bikes","Marcelene Boyer"
1192,"Douglass Blankenship",Albany,NY,2017-10-17,2,1099.98,"Electra Townie Original 21D - 2016","Comfort Bicycles","Baldwin Bikes","Marcelene Boyer"
1192,"Douglass Blankenship",Albany,NY,2017-10-17,2,379.98,"Trek Precaliber 12 Girls - 2017","Children Bicycles","Baldwin Bikes","Marcelene Boyer"
1192,"Douglass Blankenship",Albany,NY,2017-10-17,2,759.98,"Haro Flightline One ST - 2017","Mountain Bikes","Baldwin Bikes","Marcelene Boyer"
1193,"Adrien Hunter","Rego Park",NY,2017-10-17,2,299.98,"Trek Boy's Kickster - 2015/2017","Children Bicycles","Baldwin Bikes","Venita Daniel"
1193,"Adrien Hunter","Rego Park",NY,2017-10-17,1,999.99,"Surly Big Dummy Frameset - 2017","Mountain Bikes","Baldwin Bikes","Venita Daniel"
1195,"Molly Langley",Holbrook,NY,2017-10-19,1,875.99,"Surly Steamroller - 2017","Road Bikes","Baldwin Bikes","Venita Daniel"
1196,"Vance Taylor",Lancaster,NY,2017-10-19,1,749.99,"Surly Ogre Frameset - 2017","Road Bikes","Baldwin Bikes","Marcelene Boyer"
1197,"Barton Crosby",Bellmore,NY,2017-10-21,1,269.99,"Electra Cruiser 1 (24-Inch) - 2016","Cruisers Bicycles","Baldwin Bikes","Marcelene Boyer"
1197,"Barton Crosby",Bellmore,NY,2017-10-21,2,899.98,"Sun Bicycles Cruz 3 - Women's - 2017","Comfort Bicycles","Baldwin Bikes","Marcelene Boyer"
1197,"Barton Crosby",Bellmore,NY,2017-10-21,2,5999.98,"Trek Conduit+ - 2016","Electric Bikes","Baldwin Bikes","Marcelene Boyer"
1197,"Barton Crosby",Bellmore,NY,2017-10-21,2,899.98,"Sun Bicycles Cruz 3 - 2017","Comfort Bicycles","Baldwin Bikes","Marcelene Boyer"
1198,"Shanelle Anderson",Bethpage,NY,2017-10-22,1,533.99,"Sun Bicycles Streamway 7 - 2017","Comfort Bicycles","Baldwin Bikes","Venita Daniel"
1200,"Cesar Jackson",Liverpool,NY,2017-10-23,2,4599.98,"Trek Fuel EX 5 27.5 Plus - 2017","Mountain Bikes","Baldwin Bikes","Marcelene Boyer"
1201,"Candis Harding","Ballston Spa",NY,2017-10-23,1,299.99,"Electra Girl's Hawaii 1 16" - 2017","Children Bicycles","Baldwin Bikes","Marcelene Boyer"
1201,"Candis Harding","Ballston Spa",NY,2017-10-23,1,269.99,"Electra Cruiser 1 (24-Inch) - 2016","Cruisers Bicycles","Baldwin Bikes","Marcelene Boyer"
1201,"Candis Harding","Ballston Spa",NY,2017-10-23,1,599.99,"Electra Townie Original 7D EQ - 2016","Comfort Bicycles","Baldwin Bikes","Marcelene Boyer"
1201,"Candis Harding","Ballston Spa",NY,2017-10-23,2,858.00,"Pure Cycles Vine 8-Speed - 2016","Cruisers Bicycles","Baldwin Bikes","Marcelene Boyer"
1201,"Candis Harding","Ballston Spa",NY,2017-10-23,2,898.00,"Pure Cycles William 3-Speed - 2016","Cruisers Bicycles","Baldwin Bikes","Marcelene Boyer"
1202,"Antony Atkinson",Smithtown,NY,2017-10-24,2,219.98,"Sun Bicycles Lil Kitt'n - 2017","Children Bicycles","Baldwin Bikes","Marcelene Boyer"
1203,"Tam Fisher",Rochester,NY,2017-10-25,2,939.98,"Surly Ice Cream Truck Frameset - 2016","Mountain Bikes","Baldwin Bikes","Venita Daniel"
1203,"Tam Fisher",Rochester,NY,2017-10-25,1,2699.99,"Trek Domane S 6 - 2017","Road Bikes","Baldwin Bikes","Venita Daniel"
1204,"Piedad Irwin",Coram,NY,2017-10-25,2,759.98,"Haro Flightline One ST - 2017","Mountain Bikes","Baldwin Bikes","Marcelene Boyer"
1206,"Anya Contreras","East Northport",NY,2017-10-26,1,749.99,"Sun Bicycles Brickell Tandem 7 - 2017","Cruisers Bicycles","Baldwin Bikes","Marcelene Boyer"
1206,"Anya Contreras","East Northport",NY,2017-10-26,1,999.99,"Trek X-Caliber 8 - 2017","Mountain Bikes","Baldwin Bikes","Marcelene Boyer"
1207,"Cami Williamson",Massapequa,NY,2017-10-26,1,481.99,"Sun Bicycles Streamway - 2017","Comfort Bicycles","Baldwin Bikes","Marcelene Boyer"
1207,"Cami Williamson",Massapequa,NY,2017-10-26,1,551.99,"Sun Bicycles Streamway 3 - 2017","Comfort Bicycles","Baldwin Bikes","Marcelene Boyer"
1207,"Cami Williamson",Massapequa,NY,2017-10-26,1,299.99,"Electra Girl's Hawaii 1 (20-inch) - 2015/2016","Children Bicycles","Baldwin Bikes","Marcelene Boyer"
1208,"Qiana Jackson","East Northport",NY,2017-10-26,1,549.99,"Electra Townie Original 21D - 2016","Cruisers Bicycles","Baldwin Bikes","Venita Daniel"
1208,"Qiana Jackson","East Northport",NY,2017-10-26,2,693.98,"Sun Bicycles Lil Bolt Type-R - 2017","Cruisers Bicycles","Baldwin Bikes","Venita Daniel"
1208,"Qiana Jackson","East Northport",NY,2017-10-26,2,299.98,"Trek Girl's Kickster - 2017","Children Bicycles","Baldwin Bikes","Venita Daniel"
1208,"Qiana Jackson","East Northport",NY,2017-10-26,2,539.98,"Electra Cruiser 1 (24-Inch) - 2016","Cruisers Bicycles","Baldwin Bikes","Venita Daniel"
1208,"Qiana Jackson","East Northport",NY,2017-10-26,1,189.99,"Trek Precaliber 12 Boys - 2017","Children Bicycles","Baldwin Bikes","Venita Daniel"
1209,"Lekisha Pope",Freeport,NY,2017-10-26,1,209.99,"Trek Precaliber 16 Boys - 2017","Children Bicycles","Baldwin Bikes","Venita Daniel"
1209,"Lekisha Pope",Freeport,NY,2017-10-26,1,349.99,"Electra Savannah 3i (20-inch) - Girl's - 2017","Children Bicycles","Baldwin Bikes","Venita Daniel"
1211,"Lizzette Stein","Orchard Park",NY,2017-10-27,2,1059.98,"Electra Moto 1 - 2016","Cruisers Bicycles","Baldwin Bikes","Venita Daniel"
1211,"Lizzette Stein","Orchard Park",NY,2017-10-27,1,2599.99,"Trek Domane S 5 Disc - 2017","Road Bikes","Baldwin Bikes","Venita Daniel"
1211,"Lizzette Stein","Orchard Park",NY,2017-10-27,1,209.99,"Haro Shredder 20 - 2017","Children Bicycles","Baldwin Bikes","Venita Daniel"
1211,"Lizzette Stein","Orchard Park",NY,2017-10-27,1,209.99,"Haro Shredder 20 Girls - 2017","Children Bicycles","Baldwin Bikes","Venita Daniel"
1211,"Lizzette Stein","Orchard Park",NY,2017-10-27,2,899.98,"Sun Bicycles Cruz 3 - Women's - 2017","Comfort Bicycles","Baldwin Bikes","Venita Daniel"
1212,"Elenore Hensley",Hamburg,NY,2017-10-27,1,439.99,"Electra Cruiser Lux 1 - 2017","Cruisers Bicycles","Baldwin Bikes","Marcelene Boyer"
1212,"Elenore Hensley",Hamburg,NY,2017-10-27,2,759.98,"Haro Flightline One ST - 2017","Mountain Bikes","Baldwin Bikes","Marcelene Boyer"
1212,"Elenore Hensley",Hamburg,NY,2017-10-27,2,2999.98,"Trek Stache 5 - 2017","Mountain Bikes","Baldwin Bikes","Marcelene Boyer"
1212,"Elenore Hensley",Hamburg,NY,2017-10-27,2,899.98,"Sun Bicycles Cruz 3 - 2017","Cruisers Bicycles","Baldwin Bikes","Marcelene Boyer"
1214,"Celestine Kent",Lancaster,NY,2017-10-28,2,5999.98,"Trek Conduit+ - 2016","Electric Bikes","Baldwin Bikes","Marcelene Boyer"
1214,"Celestine Kent",Lancaster,NY,2017-10-28,1,3999.99,"Trek Slash 8 27.5 - 2016","Mountain Bikes","Baldwin Bikes","Marcelene Boyer"
1214,"Celestine Kent",Lancaster,NY,2017-10-28,1,269.99,"Electra Girl's Hawaii 1 (16-inch) - 2015/2016","Children Bicycles","Baldwin Bikes","Marcelene Boyer"
1214,"Celestine Kent",Lancaster,NY,2017-10-28,2,1599.98,"Electra Glam Punk 3i Ladies' - 2017","Cruisers Bicycles","Baldwin Bikes","Marcelene Boyer"
1214,"Celestine Kent",Lancaster,NY,2017-10-28,2,501.98,"Sun Bicycles Revolutions 24 - Girl's - 2017","Cruisers Bicycles","Baldwin Bikes","Marcelene Boyer"
1215,"Nathalie Knowles","West Islip",NY,2017-10-28,2,1499.98,"Sun Bicycles Brickell Tandem 7 - 2017","Cruisers Bicycles","Baldwin Bikes","Venita Daniel"
1215,"Nathalie Knowles","West Islip",NY,2017-10-28,2,3098.00,"Surly Straggler - 2016","Cyclocross Bicycles","Baldwin Bikes","Venita Daniel"
1216,"Letisha May","North Tonawanda",NY,2017-10-28,2,979.98,"Electra Townie Original 7D - 2017","Cruisers Bicycles","Baldwin Bikes","Venita Daniel"
1216,"Letisha May","North Tonawanda",NY,2017-10-28,1,3199.99,"Trek Domane SL Disc Frameset - 2017","Road Bikes","Baldwin Bikes","Venita Daniel"
1216,"Letisha May","North Tonawanda",NY,2017-10-28,1,449.00,"Pure Cycles William 3-Speed - 2016","Cruisers Bicycles","Baldwin Bikes","Venita Daniel"
1216,"Letisha May","North Tonawanda",NY,2017-10-28,2,941.98,"Sun Bicycles Drifter 7 - 2017","Comfort Bicycles","Baldwin Bikes","Venita Daniel"
1216,"Letisha May","North Tonawanda",NY,2017-10-28,1,5299.99,"Trek Fuel EX 9.8 27.5 Plus - 2017","Mountain Bikes","Baldwin Bikes","Venita Daniel"
1217,"Verdell Joyner","Far Rockaway",NY,2017-10-28,1,749.99,"Sun Bicycles Brickell Tandem 7 - 2017","Cruisers Bicycles","Baldwin Bikes","Venita Daniel"
1217,"Verdell Joyner","Far Rockaway",NY,2017-10-28,2,899.98,"Sun Bicycles Cruz 3 - 2017","Comfort Bicycles","Baldwin Bikes","Venita Daniel"
1219,"Gilbert Calhoun","East Elmhurst",NY,2017-10-30,2,858.00,"Pure Cycles Vine 8-Speed - 2016","Cruisers Bicycles","Baldwin Bikes","Venita Daniel"
1219,"Gilbert Calhoun","East Elmhurst",NY,2017-10-30,2,6999.98,"Trek Boone 7 - 2017","Cyclocross Bicycles","Baldwin Bikes","Venita Daniel"
1219,"Gilbert Calhoun","East Elmhurst",NY,2017-10-30,2,9999.98,"Trek Fuel EX 9.8 29 - 2017","Mountain Bikes","Baldwin Bikes","Venita Daniel"
1220,"Bernardina Cooper",Whitestone,NY,2017-10-31,2,10599.98,"Trek Remedy 9.8 - 2017","Mountain Bikes","Baldwin Bikes","Marcelene Boyer"
1220,"Bernardina Cooper",Whitestone,NY,2017-10-31,1,3499.99,"Trek Domane SL 6 - 2017","Road Bikes","Baldwin Bikes","Marcelene Boyer"
1220,"Bernardina Cooper",Whitestone,NY,2017-10-31,2,659.98,"Haro Downtown 16 - 2017","Children Bicycles","Baldwin Bikes","Marcelene Boyer"
1221,"Minnie Compton","South Richmond Hill",NY,2017-10-31,1,489.99,"Electra Townie 3i EQ (20-inch) - Boys' - 2017","Children Bicycles","Baldwin Bikes","Venita Daniel"
1221,"Minnie Compton","South Richmond Hill",NY,2017-10-31,2,2199.98,"Electra Amsterdam Fashion 7i Ladies' - 2017","Cruisers Bicycles","Baldwin Bikes","Venita Daniel"
1221,"Minnie Compton","South Richmond Hill",NY,2017-10-31,2,4599.98,"Trek Fuel EX 5 27.5 Plus - 2017","Mountain Bikes","Baldwin Bikes","Venita Daniel"
1221,"Minnie Compton","South Richmond Hill",NY,2017-10-31,2,1099.98,"Haro Flightline Two 26 Plus - 2017","Mountain Bikes","Baldwin Bikes","Venita Daniel"
1221,"Minnie Compton","South Richmond Hill",NY,2017-10-31,2,699.98,"Electra Savannah 3i (20-inch) - Girl's - 2017","Children Bicycles","Baldwin Bikes","Venita Daniel"
1223,"Jenell Crosby",Brentwood,NY,2017-11-02,1,551.99,"Sun Bicycles Streamway 3 - 2017","Comfort Bicycles","Baldwin Bikes","Marcelene Boyer"
1224,"Catarina Mendez","West Islip",NY,2017-11-03,1,3499.99,"Trek Boone 7 - 2017","Cyclocross Bicycles","Baldwin Bikes","Marcelene Boyer"
1224,"Catarina Mendez","West Islip",NY,2017-11-03,1,6499.99,"Trek Silque SLR 8 Women's - 2017","Road Bikes","Baldwin Bikes","Marcelene Boyer"
1224,"Catarina Mendez","West Islip",NY,2017-11-03,1,449.99,"Sun Bicycles Cruz 3 - Women's - 2017","Comfort Bicycles","Baldwin Bikes","Marcelene Boyer"
1224,"Catarina Mendez","West Islip",NY,2017-11-03,1,469.99,"Trek Farley Alloy Frameset - 2017","Mountain Bikes","Baldwin Bikes","Marcelene Boyer"
1226,"Kiana Rivera","Richmond Hill",NY,2017-11-04,2,1599.98,"Electra Glam Punk 3i Ladies' - 2017","Cruisers Bicycles","Baldwin Bikes","Venita Daniel"
1226,"Kiana Rivera","Richmond Hill",NY,2017-11-04,1,339.99,"Electra Townie 7D (20-inch) - Boys' - 2017","Children Bicycles","Baldwin Bikes","Venita Daniel"
1226,"Kiana Rivera","Richmond Hill",NY,2017-11-04,2,3361.98,"Surly Straggler 650b - 2016","Cyclocross Bicycles","Baldwin Bikes","Venita Daniel"
1226,"Kiana Rivera","Richmond Hill",NY,2017-11-04,1,6499.99,"Trek Silque SLR 8 Women's - 2017","Road Bikes","Baldwin Bikes","Venita Daniel"
1226,"Kiana Rivera","Richmond Hill",NY,2017-11-04,1,2299.99,"Trek Fuel EX 5 27.5 Plus - 2017","Mountain Bikes","Baldwin Bikes","Venita Daniel"
1227,"Sharie Whitaker",Merrick,NY,2017-11-04,2,419.98,"Trek Precaliber 16 Girls - 2017","Children Bicycles","Baldwin Bikes","Marcelene Boyer"
1227,"Sharie Whitaker",Merrick,NY,2017-11-04,1,539.99,"Haro SR 1.1 - 2017","Mountain Bikes","Baldwin Bikes","Marcelene Boyer"
1227,"Sharie Whitaker",Merrick,NY,2017-11-04,1,599.99,"Electra Townie Original 7D EQ - 2016","Comfort Bicycles","Baldwin Bikes","Marcelene Boyer"
1227,"Sharie Whitaker",Merrick,NY,2017-11-04,1,1799.99,"Trek Remedy 29 Carbon Frameset - 2016","Mountain Bikes","Baldwin Bikes","Marcelene Boyer"
1227,"Sharie Whitaker",Merrick,NY,2017-11-04,2,4599.98,"Trek Fuel EX 5 27.5 Plus - 2017","Mountain Bikes","Baldwin Bikes","Marcelene Boyer"
1228,"Bettye Espinoza",Oswego,NY,2017-11-04,1,209.99,"Haro Shredder 20 - 2017","Children Bicycles","Baldwin Bikes","Marcelene Boyer"
1228,"Bettye Espinoza",Oswego,NY,2017-11-04,2,5399.98,"Trek Domane S 6 - 2017","Road Bikes","Baldwin Bikes","Marcelene Boyer"
1228,"Bettye Espinoza",Oswego,NY,2017-11-04,2,1199.98,"Electra Townie Original 7D EQ - Women's - 2016","Cruisers Bicycles","Baldwin Bikes","Marcelene Boyer"
1230,"Lynda Newman","Saratoga Springs",NY,2017-11-05,2,939.98,"Trek Farley Alloy Frameset - 2017","Mountain Bikes","Baldwin Bikes","Marcelene Boyer"
1230,"Lynda Newman","Saratoga Springs",NY,2017-11-05,2,1099.98,"Haro Flightline Two 26 Plus - 2017","Mountain Bikes","Baldwin Bikes","Marcelene Boyer"
1231,"Myrtle Gardner",Farmingdale,NY,2017-11-05,2,1199.98,"Electra Cruiser Lux Fat Tire 1 Ladies - 2017","Cruisers Bicycles","Baldwin Bikes","Marcelene Boyer"
1231,"Myrtle Gardner",Farmingdale,NY,2017-11-05,1,659.99,"Electra Amsterdam Original 3i - 2015/2017","Cruisers Bicycles","Baldwin Bikes","Marcelene Boyer"
1233,"Efren Oliver",Nanuet,NY,2017-11-06,2,379.98,"Trek Precaliber 12 Boys - 2017","Children Bicycles","Baldwin Bikes","Marcelene Boyer"
1233,"Efren Oliver",Nanuet,NY,2017-11-06,2,9999.98,"Trek Powerfly 8 FS Plus - 2017","Electric Bikes","Baldwin Bikes","Marcelene Boyer"
1233,"Efren Oliver",Nanuet,NY,2017-11-06,1,2699.99,"Trek Domane S 6 - 2017","Road Bikes","Baldwin Bikes","Marcelene Boyer"
1234,"Lizzette Stein","Orchard Park",NY,2017-11-07,2,10999.98,"Trek Domane SLR 6 Disc - 2017","Road Bikes","Baldwin Bikes","Marcelene Boyer"
1234,"Lizzette Stein","Orchard Park",NY,2017-11-07,2,833.98,"Sun Bicycles Atlas X-Type - 2017","Cruisers Bicycles","Baldwin Bikes","Marcelene Boyer"
1235,"Priscilla Wilkins",Albany,NY,2017-11-07,1,3999.99,"Trek Slash 8 27.5 - 2016","Mountain Bikes","Baldwin Bikes","Marcelene Boyer"
1236,"Natosha Rowland","Ballston Spa",NY,2017-11-08,1,1559.99,"Sun Bicycles ElectroLite - 2017","Electric Bikes","Baldwin Bikes","Venita Daniel"
1236,"Natosha Rowland","Ballston Spa",NY,2017-11-08,2,939.98,"Trek Farley Alloy Frameset - 2017","Mountain Bikes","Baldwin Bikes","Venita Daniel"
1236,"Natosha Rowland","Ballston Spa",NY,2017-11-08,1,349.99,"Trek Precaliber 24 (21-Speed) - Girls - 2017","Children Bicycles","Baldwin Bikes","Venita Daniel"
1238,"Heather Chaney",Jamestown,NY,2017-11-09,1,4999.99,"Trek Fuel EX 9.8 29 - 2017","Mountain Bikes","Baldwin Bikes","Marcelene Boyer"
1238,"Heather Chaney",Jamestown,NY,2017-11-09,1,269.99,"Electra Girl's Hawaii 1 (16-inch) - 2015/2016","Cruisers Bicycles","Baldwin Bikes","Marcelene Boyer"
1238,"Heather Chaney",Jamestown,NY,2017-11-09,2,599.98,"Electra Sugar Skulls 1 (20-inch) - Girl's - 2017","Children Bicycles","Baldwin Bikes","Marcelene Boyer"
1238,"Heather Chaney",Jamestown,NY,2017-11-09,1,339.99,"Electra Townie 7D (20-inch) - Boys' - 2017","Children Bicycles","Baldwin Bikes","Marcelene Boyer"
1239,"Nakisha Clay","Port Washington",NY,2017-11-09,2,1059.98,"Electra Moto 1 - 2016","Cruisers Bicycles","Baldwin Bikes","Venita Daniel"
1239,"Nakisha Clay","Port Washington",NY,2017-11-09,1,349.99,"Trek Precaliber 24 (21-Speed) - Girls - 2017","Children Bicycles","Baldwin Bikes","Venita Daniel"
1239,"Nakisha Clay","Port Washington",NY,2017-11-09,2,939.98,"Trek Session DH 27.5 Carbon Frameset - 2017","Mountain Bikes","Baldwin Bikes","Venita Daniel"
1239,"Nakisha Clay","Port Washington",NY,2017-11-09,1,832.99,"Surly Troll Frameset - 2017","Mountain Bikes","Baldwin Bikes","Venita Daniel"
1240,"Maira Long",Hicksville,NY,2017-11-10,2,833.98,"Sun Bicycles Cruz 7 - 2017","Comfort Bicycles","Baldwin Bikes","Venita Daniel"
1240,"Maira Long",Hicksville,NY,2017-11-10,2,599.98,"Electra Girl's Hawaii 1 (20-inch) - 2015/2016","Children Bicycles","Baldwin Bikes","Venita Daniel"
1240,"Maira Long",Hicksville,NY,2017-11-10,2,1059.98,"Electra Moto 1 - 2016","Cruisers Bicycles","Baldwin Bikes","Venita Daniel"
1240,"Maira Long",Hicksville,NY,2017-11-10,2,1599.98,"Electra Glam Punk 3i Ladies' - 2017","Cruisers Bicycles","Baldwin Bikes","Venita Daniel"
1240,"Maira Long",Hicksville,NY,2017-11-10,1,1999.99,"Trek Emonda S 5 - 2017","Road Bikes","Baldwin Bikes","Venita Daniel"
1241,"Mechelle Chan","Richmond Hill",NY,2017-11-10,1,439.99,"Electra Cruiser Lux 1 - 2017","Cruisers Bicycles","Baldwin Bikes","Venita Daniel"
1241,"Mechelle Chan","Richmond Hill",NY,2017-11-10,2,833.98,"Sun Bicycles Atlas X-Type - 2017","Cruisers Bicycles","Baldwin Bikes","Venita Daniel"
1242,"Rolanda Larsen",Woodhaven,NY,2017-11-11,1,249.99,"Haro Shredder Pro 20 - 2017","Children Bicycles","Baldwin Bikes","Marcelene Boyer"
1242,"Rolanda Larsen",Woodhaven,NY,2017-11-11,1,999.99,"Surly Big Dummy Frameset - 2017","Mountain Bikes","Baldwin Bikes","Marcelene Boyer"
1242,"Rolanda Larsen",Woodhaven,NY,2017-11-11,1,1549.00,"Surly Straggler - 2016","Cyclocross Bicycles","Baldwin Bikes","Marcelene Boyer"
1242,"Rolanda Larsen",Woodhaven,NY,2017-11-11,1,659.99,"Electra Amsterdam Original 3i - 2015/2017","Cruisers Bicycles","Baldwin Bikes","Marcelene Boyer"
1243,"Jacalyn Barnett",Maspeth,NY,2017-11-11,1,539.99,"Haro SR 1.1 - 2017","Mountain Bikes","Baldwin Bikes","Marcelene Boyer"
1244,"Ami Mcmahon",Sunnyside,NY,2017-11-12,1,869.99,"Haro SR 1.2 - 2017","Mountain Bikes","Baldwin Bikes","Marcelene Boyer"
1244,"Ami Mcmahon",Sunnyside,NY,2017-11-12,2,1099.98,"Haro Flightline Two 26 Plus - 2017","Mountain Bikes","Baldwin Bikes","Marcelene Boyer"
1244,"Ami Mcmahon",Sunnyside,NY,2017-11-12,1,469.99,"Surly Wednesday Frameset - 2017","Mountain Bikes","Baldwin Bikes","Marcelene Boyer"
1244,"Ami Mcmahon",Sunnyside,NY,2017-11-12,2,759.98,"Haro Flightline One ST - 2017","Mountain Bikes","Baldwin Bikes","Marcelene Boyer"
1245,"Junita Reese","Bay Shore",NY,2017-11-13,1,269.99,"Electra Cruiser 1 (24-Inch) - 2016","Cruisers Bicycles","Baldwin Bikes","Venita Daniel"
1246,"Sharyn Brewer",Hollis,NY,2017-11-13,2,1295.98,"Sun Bicycles Biscayne Tandem CB - 2017","Cruisers Bicycles","Baldwin Bikes","Venita Daniel"
1246,"Sharyn Brewer",Hollis,NY,2017-11-13,1,1409.99,"Haro SR 1.3 - 2017","Mountain Bikes","Baldwin Bikes","Venita Daniel"
1246,"Sharyn Brewer",Hollis,NY,2017-11-13,2,1739.98,"Haro SR 1.2 - 2017","Mountain Bikes","Baldwin Bikes","Venita Daniel"
1249,"Tajuana Rollins",Oswego,NY,2017-11-17,1,3499.99,"Trek Boone 7 - 2017","Cyclocross Bicycles","Baldwin Bikes","Marcelene Boyer"
1249,"Tajuana Rollins",Oswego,NY,2017-11-17,1,481.99,"Sun Bicycles Streamway - 2017","Comfort Bicycles","Baldwin Bikes","Marcelene Boyer"
1249,"Tajuana Rollins",Oswego,NY,2017-11-17,1,4999.99,"Trek Powerfly 8 FS Plus - 2017","Electric Bikes","Baldwin Bikes","Marcelene Boyer"
1250,"Marcene Curtis",Yonkers,NY,2017-11-17,2,1295.98,"Sun Bicycles Biscayne Tandem CB - 2017","Cruisers Bicycles","Baldwin Bikes","Marcelene Boyer"
1250,"Marcene Curtis",Yonkers,NY,2017-11-17,2,501.98,"Sun Bicycles Revolutions 24 - 2017","Cruisers Bicycles","Baldwin Bikes","Marcelene Boyer"
1250,"Marcene Curtis",Yonkers,NY,2017-11-17,2,1199.98,"Electra Townie Original 7D EQ - Women's - 2016","Cruisers Bicycles","Baldwin Bikes","Marcelene Boyer"
1250,"Marcene Curtis",Yonkers,NY,2017-11-17,2,939.98,"Surly Ice Cream Truck Frameset - 2016","Mountain Bikes","Baldwin Bikes","Marcelene Boyer"
1253,"Onita Johns",Elmont,NY,2017-11-18,2,999.98,"Electra Townie Original 7D - 2015/2016","Comfort Bicycles","Baldwin Bikes","Marcelene Boyer"
1253,"Onita Johns",Elmont,NY,2017-11-18,1,269.99,"Electra Cruiser 1 (24-Inch) - 2016","Children Bicycles","Baldwin Bikes","Marcelene Boyer"
1253,"Onita Johns",Elmont,NY,2017-11-18,1,189.99,"Trek Precaliber 12 Girls - 2017","Children Bicycles","Baldwin Bikes","Marcelene Boyer"
1254,"Treasa Dickerson","Rockville Centre",NY,2017-11-18,1,761.99,"Sun Bicycles Brickell Tandem CB - 2017","Cruisers Bicycles","Baldwin Bikes","Venita Daniel"
1254,"Treasa Dickerson","Rockville Centre",NY,2017-11-18,1,349.99,"Trek Precaliber 24 (21-Speed) - Girls - 2017","Children Bicycles","Baldwin Bikes","Venita Daniel"
1255,"Yan Trevino",Uniondale,NY,2017-11-19,2,10599.98,"Trek Fuel EX 9.8 27.5 Plus - 2017","Mountain Bikes","Baldwin Bikes","Marcelene Boyer"
1255,"Yan Trevino",Uniondale,NY,2017-11-19,1,749.99,"Surly Ogre Frameset - 2017","Road Bikes","Baldwin Bikes","Marcelene Boyer"
1255,"Yan Trevino",Uniondale,NY,2017-11-19,2,539.98,"Electra Girl's Hawaii 1 (16-inch) - 2015/2016","Cruisers Bicycles","Baldwin Bikes","Marcelene Boyer"
1255,"Yan Trevino",Uniondale,NY,2017-11-19,2,1199.98,"Electra Townie Original 7D EQ - 2016","Comfort Bicycles","Baldwin Bikes","Marcelene Boyer"
1255,"Yan Trevino",Uniondale,NY,2017-11-19,1,659.99,"Electra Amsterdam Original 3i Ladies' - 2017","Cruisers Bicycles","Baldwin Bikes","Marcelene Boyer"
1256,"Everett Vega",Holbrook,NY,2017-11-19,2,1079.98,"Haro SR 1.1 - 2017","Mountain Bikes","Baldwin Bikes","Marcelene Boyer"
1256,"Everett Vega",Holbrook,NY,2017-11-19,1,489.99,"Electra Townie 3i EQ (20-inch) - Boys' - 2017","Children Bicycles","Baldwin Bikes","Marcelene Boyer"
1257,"Kallie Best",Rochester,NY,2017-11-19,2,1999.98,"Surly Ice Cream Truck Frameset - 2017","Mountain Bikes","Baldwin Bikes","Venita Daniel"
1257,"Kallie Best",Rochester,NY,2017-11-19,1,4999.99,"Trek Powerfly 8 FS Plus - 2017","Electric Bikes","Baldwin Bikes","Venita Daniel"
1257,"Kallie Best",Rochester,NY,2017-11-19,2,858.00,"Pure Cycles Vine 8-Speed - 2016","Cruisers Bicycles","Baldwin Bikes","Venita Daniel"
1257,"Kallie Best",Rochester,NY,2017-11-19,1,1469.99,"Haro Shift R3 - 2017","Mountain Bikes","Baldwin Bikes","Venita Daniel"
1257,"Kallie Best",Rochester,NY,2017-11-19,1,2899.99,"Trek Fuel EX 8 29 - 2016","Mountain Bikes","Baldwin Bikes","Venita Daniel"
1258,"Jewell Reyes","Jackson Heights",NY,2017-11-20,2,499.98,"Haro Shredder Pro 20 - 2017","Children Bicycles","Baldwin Bikes","Venita Daniel"
1258,"Jewell Reyes","Jackson Heights",NY,2017-11-20,2,599.98,"Electra Sugar Skulls 1 (20-inch) - Girl's - 2017","Children Bicycles","Baldwin Bikes","Venita Daniel"
1259,"Daryl Spence",Uniondale,NY,2017-11-21,1,1559.99,"Sun Bicycles ElectroLite - 2017","Electric Bikes","Baldwin Bikes","Venita Daniel"
1259,"Daryl Spence",Uniondale,NY,2017-11-21,1,449.00,"Pure Cycles William 3-Speed - 2016","Cruisers Bicycles","Baldwin Bikes","Venita Daniel"
1260,"Jeffrey Hill",Rosedale,NY,2017-11-22,1,1799.99,"Trek Remedy 29 Carbon Frameset - 2016","Mountain Bikes","Baldwin Bikes","Marcelene Boyer"
1260,"Jeffrey Hill",Rosedale,NY,2017-11-22,1,250.99,"Sun Bicycles Revolutions 24 - 2017","Cruisers Bicycles","Baldwin Bikes","Marcelene Boyer"
1261,"Izola Hobbs",Woodhaven,NY,2017-11-23,1,749.99,"Sun Bicycles Brickell Tandem 7 - 2017","Cruisers Bicycles","Baldwin Bikes","Venita Daniel"
1261,"Izola Hobbs",Woodhaven,NY,2017-11-23,2,379.98,"Trek Precaliber 12 Girls - 2017","Children Bicycles","Baldwin Bikes","Venita Daniel"
1261,"Izola Hobbs",Woodhaven,NY,2017-11-23,1,489.99,"Electra Townie 3i EQ (20-inch) - Boys' - 2017","Children Bicycles","Baldwin Bikes","Venita Daniel"
1261,"Izola Hobbs",Woodhaven,NY,2017-11-23,1,2299.99,"Trek Fuel EX 5 27.5 Plus - 2017","Mountain Bikes","Baldwin Bikes","Venita Daniel"
1262,"Terra Pickett",Amsterdam,NY,2017-11-23,1,379.99,"Haro Flightline One ST - 2017","Mountain Bikes","Baldwin Bikes","Marcelene Boyer"
1262,"Terra Pickett",Amsterdam,NY,2017-11-23,1,875.99,"Surly Steamroller - 2017","Road Bikes","Baldwin Bikes","Marcelene Boyer"
1262,"Terra Pickett",Amsterdam,NY,2017-11-23,2,10599.98,"Trek Fuel EX 9.8 27.5 Plus - 2017","Mountain Bikes","Baldwin Bikes","Marcelene Boyer"
1262,"Terra Pickett",Amsterdam,NY,2017-11-23,1,799.99,"Electra Glam Punk 3i Ladies' - 2017","Cruisers Bicycles","Baldwin Bikes","Marcelene Boyer"
1263,"Eleanor Mendez","Port Chester",NY,2017-11-23,1,869.99,"Haro SR 1.2 - 2017","Mountain Bikes","Baldwin Bikes","Marcelene Boyer"
1263,"Eleanor Mendez","Port Chester",NY,2017-11-23,1,3499.99,"Trek Boone 7 - 2017","Cyclocross Bicycles","Baldwin Bikes","Marcelene Boyer"
1263,"Eleanor Mendez","Port Chester",NY,2017-11-23,2,898.00,"Pure Cycles William 3-Speed - 2016","Cruisers Bicycles","Baldwin Bikes","Marcelene Boyer"
1264,"Eliana Silva",Farmingdale,NY,2017-11-24,1,339.99,"Electra Townie 7D (20-inch) - Boys' - 2017","Children Bicycles","Baldwin Bikes","Marcelene Boyer"
1264,"Eliana Silva",Farmingdale,NY,2017-11-24,2,1599.98,"Electra Glam Punk 3i Ladies' - 2017","Cruisers Bicycles","Baldwin Bikes","Marcelene Boyer"
1264,"Eliana Silva",Farmingdale,NY,2017-11-24,2,1999.98,"Trek X-Caliber 8 - 2017","Mountain Bikes","Baldwin Bikes","Marcelene Boyer"
1264,"Eliana Silva",Farmingdale,NY,2017-11-24,1,875.99,"Surly Steamroller - 2017","Road Bikes","Baldwin Bikes","Marcelene Boyer"
1265,"Verna Solis",Rochester,NY,2017-11-24,2,2939.98,"Haro Shift R3 - 2017","Mountain Bikes","Baldwin Bikes","Venita Daniel"
1265,"Verna Solis",Rochester,NY,2017-11-24,2,1239.98,"Sun Bicycles Biscayne Tandem 7 - 2017","Cruisers Bicycles","Baldwin Bikes","Venita Daniel"
1266,"Kaila Walters",Elmhurst,NY,2017-11-25,1,209.99,"Trek Precaliber 16 Girls - 2017","Children Bicycles","Baldwin Bikes","Marcelene Boyer"
1266,"Kaila Walters",Elmhurst,NY,2017-11-25,1,1499.99,"Trek Emonda S 4 - 2017","Road Bikes","Baldwin Bikes","Marcelene Boyer"
1267,"Clare Neal",Mahopac,NY,2017-11-25,1,869.99,"Haro SR 1.2 - 2017","Mountain Bikes","Baldwin Bikes","Marcelene Boyer"
1267,"Clare Neal",Mahopac,NY,2017-11-25,1,999.99,"Surly Big Dummy Frameset - 2017","Mountain Bikes","Baldwin Bikes","Marcelene Boyer"
1267,"Clare Neal",Mahopac,NY,2017-11-25,1,449.99,"Sun Bicycles Cruz 3 - Women's - 2017","Comfort Bicycles","Baldwin Bikes","Marcelene Boyer"
1267,"Clare Neal",Mahopac,NY,2017-11-25,1,299.99,"Electra Girl's Hawaii 1 16" - 2017","Children Bicycles","Baldwin Bikes","Marcelene Boyer"
1269,"Rudolph Velez","Mount Vernon",NY,2017-11-26,2,5799.98,"Trek Fuel EX 8 29 - 2016","Mountain Bikes","Baldwin Bikes","Marcelene Boyer"
1269,"Rudolph Velez","Mount Vernon",NY,2017-11-26,1,3999.99,"Trek Slash 8 27.5 - 2016","Mountain Bikes","Baldwin Bikes","Marcelene Boyer"
1269,"Rudolph Velez","Mount Vernon",NY,2017-11-26,1,470.99,"Sun Bicycles Drifter 7 - Women's - 2017","Comfort Bicycles","Baldwin Bikes","Marcelene Boyer"
1270,"Nanette Harris","East Meadow",NY,2017-11-26,1,3199.99,"Trek Domane SL Disc Frameset - 2017","Road Bikes","Baldwin Bikes","Marcelene Boyer"
1271,"Alina Mcleod",Patchogue,NY,2017-11-27,2,999.98,"Electra Townie Original 7D - 2015/2016","Comfort Bicycles","Baldwin Bikes","Marcelene Boyer"
1271,"Alina Mcleod",Patchogue,NY,2017-11-27,2,11999.98,"Trek Silque SLR 7 Women's - 2017","Road Bikes","Baldwin Bikes","Marcelene Boyer"
1271,"Alina Mcleod",Patchogue,NY,2017-11-27,2,379.98,"Trek Precaliber 12 Boys - 2017","Children Bicycles","Baldwin Bikes","Marcelene Boyer"
1271,"Alina Mcleod",Patchogue,NY,2017-11-27,2,939.98,"Trek Farley Alloy Frameset - 2017","Mountain Bikes","Baldwin Bikes","Marcelene Boyer"
1272,"Genevie Miles",Monroe,NY,2017-11-27,2,1199.98,"Electra Townie Original 7D EQ - 2016","Cruisers Bicycles","Baldwin Bikes","Marcelene Boyer"
1272,"Genevie Miles",Monroe,NY,2017-11-27,2,833.98,"Sun Bicycles Atlas X-Type - 2017","Cruisers Bicycles","Baldwin Bikes","Marcelene Boyer"
1272,"Genevie Miles",Monroe,NY,2017-11-27,1,149.99,"Trek Girl's Kickster - 2017","Children Bicycles","Baldwin Bikes","Marcelene Boyer"
1273,"Sung Chambers",Kingston,NY,2017-11-27,2,599.98,"Electra Girl's Hawaii 1 16" - 2017","Children Bicycles","Baldwin Bikes","Marcelene Boyer"
1273,"Sung Chambers",Kingston,NY,2017-11-27,1,599.99,"Electra Townie Original 7D EQ - Women's - 2016","Cruisers Bicycles","Baldwin Bikes","Marcelene Boyer"
1273,"Sung Chambers",Kingston,NY,2017-11-27,1,4999.99,"Trek Madone 9.2 - 2017","Road Bikes","Baldwin Bikes","Marcelene Boyer"
1274,"Grisel Maynard","Ballston Spa",NY,2017-11-28,1,1099.99,"Electra Amsterdam Fashion 7i Ladies' - 2017","Cruisers Bicycles","Baldwin Bikes","Venita Daniel"
1276,"Letty Cobb",Depew,NY,2017-11-30,2,898.00,"Pure Cycles Western 3-Speed - Women's - 2015/2016","Cruisers Bicycles","Baldwin Bikes","Marcelene Boyer"
1276,"Letty Cobb",Depew,NY,2017-11-30,1,4999.99,"Trek Madone 9.2 - 2017","Road Bikes","Baldwin Bikes","Marcelene Boyer"
1276,"Letty Cobb",Depew,NY,2017-11-30,1,2299.99,"Trek Fuel EX 5 27.5 Plus - 2017","Mountain Bikes","Baldwin Bikes","Marcelene Boyer"
1276,"Letty Cobb",Depew,NY,2017-11-30,2,1099.98,"Electra Townie Original 21D - 2016","Comfort Bicycles","Baldwin Bikes","Marcelene Boyer"
1276,"Letty Cobb",Depew,NY,2017-11-30,2,1295.98,"Sun Bicycles Biscayne Tandem CB - 2017","Cruisers Bicycles","Baldwin Bikes","Marcelene Boyer"
1277,"Danielle Bond",Patchogue,NY,2017-12-01,2,10999.98,"Trek Domane SLR 6 Disc - 2017","Road Bikes","Baldwin Bikes","Marcelene Boyer"
1277,"Danielle Bond",Patchogue,NY,2017-12-01,2,419.98,"Haro Shredder 20 Girls - 2017","Children Bicycles","Baldwin Bikes","Marcelene Boyer"
1277,"Danielle Bond",Patchogue,NY,2017-12-01,2,5999.98,"Trek Conduit+ - 2016","Electric Bikes","Baldwin Bikes","Marcelene Boyer"
1277,"Danielle Bond",Patchogue,NY,2017-12-01,1,2899.99,"Trek Fuel EX 8 29 - 2016","Mountain Bikes","Baldwin Bikes","Marcelene Boyer"
1277,"Danielle Bond",Patchogue,NY,2017-12-01,1,1680.99,"Surly Straggler 650b - 2016","Cyclocross Bicycles","Baldwin Bikes","Marcelene Boyer"
1278,"Carter Booth","Port Chester",NY,2017-12-01,2,1103.98,"Sun Bicycles Streamway 3 - 2017","Comfort Bicycles","Baldwin Bikes","Venita Daniel"
1278,"Carter Booth","Port Chester",NY,2017-12-01,1,469.99,"Trek Farley Alloy Frameset - 2017","Mountain Bikes","Baldwin Bikes","Venita Daniel"
1279,"Ling Newman","South Richmond Hill",NY,2017-12-01,2,5999.98,"Trek Conduit+ - 2016","Electric Bikes","Baldwin Bikes","Marcelene Boyer"
1281,"Tommie Cooley",Lancaster,NY,2017-12-02,1,832.99,"Surly Troll Frameset - 2017","Mountain Bikes","Baldwin Bikes","Marcelene Boyer"
1281,"Tommie Cooley",Lancaster,NY,2017-12-02,2,6999.98,"Trek Domane SL 6 - 2017","Road Bikes","Baldwin Bikes","Marcelene Boyer"
1281,"Tommie Cooley",Lancaster,NY,2017-12-02,1,599.99,"Electra Cruiser Lux Fat Tire 1 Ladies - 2017","Cruisers Bicycles","Baldwin Bikes","Marcelene Boyer"
1282,"Aron Wiggins",Oceanside,NY,2017-12-03,1,470.99,"Sun Bicycles Drifter 7 - Women's - 2017","Comfort Bicycles","Baldwin Bikes","Marcelene Boyer"
1282,"Aron Wiggins",Oceanside,NY,2017-12-03,2,11999.98,"Trek Silque SLR 7 Women's - 2017","Road Bikes","Baldwin Bikes","Marcelene Boyer"
1283,"Teofila Fischer","Huntington Station",NY,2017-12-04,2,9999.98,"Trek Powerfly 8 FS Plus - 2017","Electric Bikes","Baldwin Bikes","Venita Daniel"
1283,"Teofila Fischer","Huntington Station",NY,2017-12-04,1,1099.99,"Electra Amsterdam Fashion 7i Ladies' - 2017","Cruisers Bicycles","Baldwin Bikes","Venita Daniel"
1283,"Teofila Fischer","Huntington Station",NY,2017-12-04,1,3999.99,"Trek Slash 8 27.5 - 2016","Mountain Bikes","Baldwin Bikes","Venita Daniel"
1283,"Teofila Fischer","Huntington Station",NY,2017-12-04,1,469.99,"Trek Farley Alloy Frameset - 2017","Mountain Bikes","Baldwin Bikes","Venita Daniel"
1283,"Teofila Fischer","Huntington Station",NY,2017-12-04,1,1680.99,"Surly Straggler 650b - 2016","Cyclocross Bicycles","Baldwin Bikes","Venita Daniel"
1284,"Terrance Lynn",Plattsburgh,NY,2017-12-04,1,339.99,"Electra Townie 7D (20-inch) - Boys' - 2017","Children Bicycles","Baldwin Bikes","Venita Daniel"
1284,"Terrance Lynn",Plattsburgh,NY,2017-12-04,1,1799.99,"Trek Remedy 29 Carbon Frameset - 2016","Mountain Bikes","Baldwin Bikes","Venita Daniel"
1284,"Terrance Lynn",Plattsburgh,NY,2017-12-04,2,5799.98,"Trek Fuel EX 8 29 - 2016","Mountain Bikes","Baldwin Bikes","Venita Daniel"
1285,"Rubin Decker",Buffalo,NY,2017-12-04,2,1295.98,"Sun Bicycles Biscayne Tandem CB - 2017","Cruisers Bicycles","Baldwin Bikes","Venita Daniel"
1285,"Rubin Decker",Buffalo,NY,2017-12-04,1,209.99,"Haro Shredder 20 Girls - 2017","Children Bicycles","Baldwin Bikes","Venita Daniel"
1285,"Rubin Decker",Buffalo,NY,2017-12-04,2,833.98,"Sun Bicycles Cruz 7 - 2017","Cruisers Bicycles","Baldwin Bikes","Venita Daniel"
1285,"Rubin Decker",Buffalo,NY,2017-12-04,1,469.99,"Surly Ice Cream Truck Frameset - 2016","Mountain Bikes","Baldwin Bikes","Venita Daniel"
1286,"Jeannette Skinner","Forest Hills",NY,2017-12-04,2,833.98,"Sun Bicycles Cruz 7 - Women's - 2017","Comfort Bicycles","Baldwin Bikes","Venita Daniel"
1286,"Jeannette Skinner","Forest Hills",NY,2017-12-04,2,2199.98,"Electra Amsterdam Fashion 7i Ladies' - 2017","Cruisers Bicycles","Baldwin Bikes","Venita Daniel"
1286,"Jeannette Skinner","Forest Hills",NY,2017-12-04,1,189.99,"Trek Precaliber 12 Boys - 2017","Children Bicycles","Baldwin Bikes","Venita Daniel"
1290,"Laurette Hebert",Canandaigua,NY,2017-12-08,2,1199.98,"Electra Cruiser Lux Fat Tire 1 Ladies - 2017","Cruisers Bicycles","Baldwin Bikes","Marcelene Boyer"
1290,"Laurette Hebert",Canandaigua,NY,2017-12-08,1,832.99,"Surly Troll Frameset - 2017","Mountain Bikes","Baldwin Bikes","Marcelene Boyer"
1290,"Laurette Hebert",Canandaigua,NY,2017-12-08,2,419.98,"Haro Shredder 20 - 2017","Children Bicycles","Baldwin Bikes","Marcelene Boyer"
1291,"Shanice Spears",Brooklyn,NY,2017-12-09,1,1999.99,"Trek Emonda S 5 - 2017","Road Bikes","Baldwin Bikes","Marcelene Boyer"
1291,"Shanice Spears",Brooklyn,NY,2017-12-09,2,9999.98,"Trek Madone 9.2 - 2017","Road Bikes","Baldwin Bikes","Marcelene Boyer"
1292,"Leola Gould",Astoria,NY,2017-12-10,1,659.99,"Electra Amsterdam Original 3i - 2015/2017","Cruisers Bicycles","Baldwin Bikes","Marcelene Boyer"
1293,"Willetta Murphy","East Elmhurst",NY,2017-12-10,2,379.98,"Trek Precaliber 12 Girls - 2017","Children Bicycles","Baldwin Bikes","Venita Daniel"
1293,"Willetta Murphy","East Elmhurst",NY,2017-12-10,2,879.98,"Electra Cruiser Lux 1 - 2017","Cruisers Bicycles","Baldwin Bikes","Venita Daniel"
1293,"Willetta Murphy","East Elmhurst",NY,2017-12-10,2,1099.98,"Haro Flightline Two 26 Plus - 2017","Mountain Bikes","Baldwin Bikes","Venita Daniel"
1295,"Melia Brady",Maspeth,NY,2017-12-11,2,2641.98,"Heller Shagamaw Frame - 2016","Mountain Bikes","Baldwin Bikes","Venita Daniel"
1295,"Melia Brady",Maspeth,NY,2017-12-11,1,4999.99,"Trek Powerfly 8 FS Plus - 2017","Electric Bikes","Baldwin Bikes","Venita Daniel"
1295,"Melia Brady",Maspeth,NY,2017-12-11,1,875.99,"Surly Steamroller - 2017","Road Bikes","Baldwin Bikes","Venita Daniel"
1297,"Shae Hickman","Floral Park",NY,2017-12-14,2,963.98,"Sun Bicycles Streamway - 2017","Comfort Bicycles","Baldwin Bikes","Marcelene Boyer"
1297,"Shae Hickman","Floral Park",NY,2017-12-14,1,5299.99,"Trek Fuel EX 9.8 27.5 Plus - 2017","Mountain Bikes","Baldwin Bikes","Marcelene Boyer"
1297,"Shae Hickman","Floral Park",NY,2017-12-14,2,12999.98,"Trek Silque SLR 8 Women's - 2017","Road Bikes","Baldwin Bikes","Marcelene Boyer"
1300,"Veronika Rollins",Webster,NY,2017-12-15,2,679.98,"Electra Townie 7D (20-inch) - Boys' - 2017","Children Bicycles","Baldwin Bikes","Marcelene Boyer"
1300,"Veronika Rollins",Webster,NY,2017-12-15,2,9999.98,"Trek Madone 9.2 - 2017","Road Bikes","Baldwin Bikes","Marcelene Boyer"
1302,"Merideth Preston",Poughkeepsie,NY,2017-12-16,1,549.99,"Haro Flightline Two 26 Plus - 2017","Mountain Bikes","Baldwin Bikes","Venita Daniel"
1302,"Merideth Preston",Poughkeepsie,NY,2017-12-16,2,1199.98,"Electra Townie Original 7D EQ - Women's - 2016","Cruisers Bicycles","Baldwin Bikes","Venita Daniel"
1302,"Merideth Preston",Poughkeepsie,NY,2017-12-16,2,10999.98,"Trek Domane SLR 6 Disc - 2017","Road Bikes","Baldwin Bikes","Venita Daniel"
1303,"Melodie Melton",Smithtown,NY,2017-12-16,1,349.99,"Electra Moto 3i (20-inch) - Boy's - 2017","Children Bicycles","Baldwin Bikes","Venita Daniel"
1303,"Melodie Melton",Smithtown,NY,2017-12-16,2,6999.98,"Trek Boone Race Shop Limited - 2017","Cyclocross Bicycles","Baldwin Bikes","Venita Daniel"
1303,"Melodie Melton",Smithtown,NY,2017-12-16,1,449.99,"Sun Bicycles Cruz 3 - Women's - 2017","Comfort Bicycles","Baldwin Bikes","Venita Daniel"
1303,"Melodie Melton",Smithtown,NY,2017-12-16,1,749.99,"Sun Bicycles Brickell Tandem 7 - 2017","Cruisers Bicycles","Baldwin Bikes","Venita Daniel"
1303,"Melodie Melton",Smithtown,NY,2017-12-16,2,1099.98,"Electra Townie Original 21D - 2016","Comfort Bicycles","Baldwin Bikes","Venita Daniel"
1304,"Lamar Bush",Buffalo,NY,2017-12-16,1,761.99,"Sun Bicycles Brickell Tandem CB - 2017","Cruisers Bicycles","Baldwin Bikes","Marcelene Boyer"
1304,"Lamar Bush",Buffalo,NY,2017-12-16,2,599.98,"Electra Sugar Skulls 1 (20-inch) - Girl's - 2017","Children Bicycles","Baldwin Bikes","Marcelene Boyer"
1304,"Lamar Bush",Buffalo,NY,2017-12-16,1,489.99,"Electra Townie Original 7D - 2017","Comfort Bicycles","Baldwin Bikes","Marcelene Boyer"
1304,"Lamar Bush",Buffalo,NY,2017-12-16,1,429.00,"Pure Cycles Vine 8-Speed - 2016","Cruisers Bicycles","Baldwin Bikes","Marcelene Boyer"
1305,"Earl Stanley",Elmhurst,NY,2017-12-17,1,329.99,"Haro Downtown 16 - 2017","Children Bicycles","Baldwin Bikes","Venita Daniel"
1305,"Earl Stanley",Elmhurst,NY,2017-12-17,1,2999.99,"Trek Conduit+ - 2016","Electric Bikes","Baldwin Bikes","Venita Daniel"
1305,"Earl Stanley",Elmhurst,NY,2017-12-17,1,1680.99,"Surly Straggler 650b - 2016","Cyclocross Bicycles","Baldwin Bikes","Venita Daniel"
1305,"Earl Stanley",Elmhurst,NY,2017-12-17,2,699.98,"Trek Precaliber 24 (21-Speed) - Girls - 2017","Children Bicycles","Baldwin Bikes","Venita Daniel"
1306,"Jeanice Frost",Ossining,NY,2017-12-20,2,1103.98,"Sun Bicycles Streamway 3 - 2017","Comfort Bicycles","Baldwin Bikes","Marcelene Boyer"
1306,"Jeanice Frost",Ossining,NY,2017-12-20,2,2199.98,"Electra Amsterdam Fashion 7i Ladies' - 2017","Cruisers Bicycles","Baldwin Bikes","Marcelene Boyer"
1306,"Jeanice Frost",Ossining,NY,2017-12-20,1,869.99,"Haro SR 1.2 - 2017","Mountain Bikes","Baldwin Bikes","Marcelene Boyer"
1306,"Jeanice Frost",Ossining,NY,2017-12-20,1,2299.99,"Trek Fuel EX 5 27.5 Plus - 2017","Mountain Bikes","Baldwin Bikes","Marcelene Boyer"
1306,"Jeanice Frost",Ossining,NY,2017-12-20,2,5999.98,"Trek Conduit+ - 2016","Electric Bikes","Baldwin Bikes","Marcelene Boyer"
1308,"Ilona Spears","Port Jefferson Station",NY,2017-12-22,1,3199.99,"Trek Domane SL Disc Frameset - 2017","Road Bikes","Baldwin Bikes","Venita Daniel"
1308,"Ilona Spears","Port Jefferson Station",NY,2017-12-22,1,416.99,"Sun Bicycles Cruz 7 - 2017","Cruisers Bicycles","Baldwin Bikes","Venita Daniel"
1308,"Ilona Spears","Port Jefferson Station",NY,2017-12-22,2,539.98,"Electra Girl's Hawaii 1 (16-inch) - 2015/2016","Cruisers Bicycles","Baldwin Bikes","Venita Daniel"
1308,"Ilona Spears","Port Jefferson Station",NY,2017-12-22,1,5499.99,"Trek Domane SLR 6 Disc - 2017","Road Bikes","Baldwin Bikes","Venita Daniel"
1308,"Ilona Spears","Port Jefferson Station",NY,2017-12-22,1,469.99,"Trek Farley Alloy Frameset - 2017","Mountain Bikes","Baldwin Bikes","Venita Daniel"
1309,"Cassidy Clark",Astoria,NY,2017-12-22,1,346.99,"Sun Bicycles Lil Bolt Type-R - 2017","Cruisers Bicycles","Baldwin Bikes","Marcelene Boyer"
1309,"Cassidy Clark",Astoria,NY,2017-12-22,2,379.98,"Trek Precaliber 12 Boys - 2017","Children Bicycles","Baldwin Bikes","Marcelene Boyer"
1311,"Nicolas Carlson","Saint Albans",NY,2017-12-24,1,416.99,"Sun Bicycles Cruz 7 - 2017","Cruisers Bicycles","Baldwin Bikes","Marcelene Boyer"
1311,"Nicolas Carlson","Saint Albans",NY,2017-12-24,2,1739.98,"Haro SR 1.2 - 2017","Mountain Bikes","Baldwin Bikes","Marcelene Boyer"
1311,"Nicolas Carlson","Saint Albans",NY,2017-12-24,2,1999.98,"Surly Big Dummy Frameset - 2017","Mountain Bikes","Baldwin Bikes","Marcelene Boyer"
1311,"Nicolas Carlson","Saint Albans",NY,2017-12-24,1,2299.99,"Trek Fuel EX 5 27.5 Plus - 2017","Mountain Bikes","Baldwin Bikes","Marcelene Boyer"
1314,"Shanita Wiley","Saint Albans",NY,2017-12-25,1,875.99,"Surly Steamroller - 2017","Road Bikes","Baldwin Bikes","Venita Daniel"
1314,"Shanita Wiley","Saint Albans",NY,2017-12-25,2,1239.98,"Sun Bicycles Biscayne Tandem 7 - 2017","Cruisers Bicycles","Baldwin Bikes","Venita Daniel"
1314,"Shanita Wiley","Saint Albans",NY,2017-12-25,1,249.99,"Haro Shredder Pro 20 - 2017","Children Bicycles","Baldwin Bikes","Venita Daniel"
1318,"Abby Gamble",Amityville,NY,2017-12-27,2,1319.98,"Electra Amsterdam Original 3i Ladies' - 2017","Cruisers Bicycles","Baldwin Bikes","Marcelene Boyer"
1318,"Abby Gamble",Amityville,NY,2017-12-27,2,6999.98,"Trek Boone 7 - 2017","Cyclocross Bicycles","Baldwin Bikes","Marcelene Boyer"
1318,"Abby Gamble",Amityville,NY,2017-12-27,1,470.99,"Sun Bicycles Drifter 7 - Women's - 2017","Comfort Bicycles","Baldwin Bikes","Marcelene Boyer"
1318,"Abby Gamble",Amityville,NY,2017-12-27,1,209.99,"Haro Shredder 20 - 2017","Children Bicycles","Baldwin Bikes","Marcelene Boyer"
1319,"Kylee Dickson",Amityville,NY,2017-12-27,1,599.99,"Electra Cruiser Lux Fat Tire 1 Ladies - 2017","Cruisers Bicycles","Baldwin Bikes","Marcelene Boyer"
1319,"Kylee Dickson",Amityville,NY,2017-12-27,1,349.99,"Trek Precaliber 24 (21-Speed) - Girls - 2017","Children Bicycles","Baldwin Bikes","Marcelene Boyer"
1322,"Janetta Aguirre",Lancaster,NY,2017-12-31,2,4999.98,"Surly Karate Monkey 27.5+ Frameset - 2017","Mountain Bikes","Baldwin Bikes","Venita Daniel"
1322,"Janetta Aguirre",Lancaster,NY,2017-12-31,2,963.98,"Sun Bicycles Streamway - 2017","Comfort Bicycles","Baldwin Bikes","Venita Daniel"
1323,"Queenie Vance","Ozone Park",NY,2017-12-31,2,1999.98,"Surly Big Dummy Frameset - 2017","Mountain Bikes","Baldwin Bikes","Marcelene Boyer"
1323,"Queenie Vance","Ozone Park",NY,2017-12-31,1,599.99,"Electra Townie Original 7D EQ - Women's - 2016","Cruisers Bicycles","Baldwin Bikes","Marcelene Boyer"
1323,"Queenie Vance","Ozone Park",NY,2017-12-31,1,659.99,"Electra Amsterdam Original 3i - 2015/2017","Cruisers Bicycles","Baldwin Bikes","Marcelene Boyer"
1324,"Mellie Puckett","Fresh Meadows",NY,2018-01-01,1,250.99,"Sun Bicycles Revolutions 24 - 2017","Cruisers Bicycles","Baldwin Bikes","Marcelene Boyer"
1324,"Mellie Puckett","Fresh Meadows",NY,2018-01-01,2,4999.98,"Trek Fuel EX 7 29 - 2018","Mountain Bikes","Baldwin Bikes","Marcelene Boyer"
1324,"Mellie Puckett","Fresh Meadows",NY,2018-01-01,1,899.99,"Electra Koa 3i Ladies' - 2018","Cruisers Bicycles","Baldwin Bikes","Marcelene Boyer"
1324,"Mellie Puckett","Fresh Meadows",NY,2018-01-01,1,999.99,"Surly Wednesday Frameset - 2016","Mountain Bikes","Baldwin Bikes","Marcelene Boyer"
1327,"Jenine Dawson",Endicott,NY,2018-01-02,2,3099.98,"Trek Domane ALR 4 Disc Women's - 2018","Road Bikes","Baldwin Bikes","Marcelene Boyer"
1327,"Jenine Dawson",Endicott,NY,2018-01-02,2,1799.98,"Electra Koa 3i Ladies' - 2018","Cruisers Bicycles","Baldwin Bikes","Marcelene Boyer"
1327,"Jenine Dawson",Endicott,NY,2018-01-02,2,2999.98,"Trek Emonda S 4 - 2017","Road Bikes","Baldwin Bikes","Marcelene Boyer"
1327,"Jenine Dawson",Endicott,NY,2018-01-02,1,919.99,"Trek Domane AL 3 Women's - 2018","Road Bikes","Baldwin Bikes","Marcelene Boyer"
1328,"Cher Alston",Wantagh,NY,2018-01-02,1,749.99,"Electra Townie Commute 8D - 2018","Cruisers Bicycles","Baldwin Bikes","Marcelene Boyer"
1328,"Cher Alston",Wantagh,NY,2018-01-02,2,1839.98,"Trek X-Caliber 7 - 2018","Mountain Bikes","Baldwin Bikes","Marcelene Boyer"
1328,"Cher Alston",Wantagh,NY,2018-01-02,1,319.99,"Electra Cruiser 7D Tall - 2016/2018","Cruisers Bicycles","Baldwin Bikes","Marcelene Boyer"
1328,"Cher Alston",Wantagh,NY,2018-01-02,1,749.99,"Electra Townie Commute 8D - 2018","Comfort Bicycles","Baldwin Bikes","Marcelene Boyer"
1328,"Cher Alston",Wantagh,NY,2018-01-02,1,599.99,"Electra Townie Original 7D EQ - 2018","Cruisers Bicycles","Baldwin Bikes","Marcelene Boyer"
1330,"Rod Hatfield",Ronkonkoma,NY,2018-01-04,1,479.99,"Electra Cruiser Lux 7D Ladies' - 2018","Cruisers Bicycles","Baldwin Bikes","Venita Daniel"
1330,"Rod Hatfield",Ronkonkoma,NY,2018-01-04,2,1359.98,"Electra Townie Original 21D EQ Ladies' - 2018","Cruisers Bicycles","Baldwin Bikes","Venita Daniel"
1330,"Rod Hatfield",Ronkonkoma,NY,2018-01-04,2,859.98,"Electra Cruiser Lux 1 Ladies' - 2018","Cruisers Bicycles","Baldwin Bikes","Venita Daniel"
1330,"Rod Hatfield",Ronkonkoma,NY,2018-01-04,2,979.98,"Electra Townie Original 7D - 2017","Comfort Bicycles","Baldwin Bikes","Venita Daniel"
1330,"Rod Hatfield",Ronkonkoma,NY,2018-01-04,1,279.99,"Electra Cyclosaurus 1 (16-inch) - Boy's - 2018","Children Bicycles","Baldwin Bikes","Venita Daniel"
1331,"Cicely Deleon","Massapequa Park",NY,2018-01-05,1,2599.99,"Electra Townie Go! 8i Ladies' - 2018","Cruisers Bicycles","Baldwin Bikes","Marcelene Boyer"
1331,"Cicely Deleon","Massapequa Park",NY,2018-01-05,1,369.99,"Electra Superbolt 3i 20" - 2018","Children Bicycles","Baldwin Bikes","Marcelene Boyer"
1331,"Cicely Deleon","Massapequa Park",NY,2018-01-05,2,3599.98,"Trek Domane ALR 5 Disc - 2018","Road Bikes","Baldwin Bikes","Marcelene Boyer"
1331,"Cicely Deleon","Massapequa Park",NY,2018-01-05,1,799.99,"Electra Townie Balloon 3i EQ Ladies' - 2018","Comfort Bicycles","Baldwin Bikes","Marcelene Boyer"
1332,"Erma Salinas",Merrick,NY,2018-01-06,1,369.99,"Electra Treasure 3i 20" - 2018","Children Bicycles","Baldwin Bikes","Venita Daniel"
1332,"Erma Salinas",Merrick,NY,2018-01-06,2,419.98,"Haro Shredder 20 Girls - 2017","Children Bicycles","Baldwin Bikes","Venita Daniel"
1332,"Erma Salinas",Merrick,NY,2018-01-06,2,1839.98,"Trek Domane AL 3 - 2018","Road Bikes","Baldwin Bikes","Venita Daniel"
1332,"Erma Salinas",Merrick,NY,2018-01-06,1,279.99,"Electra Water Lily 1 (16-inch) - Girl's - 2018","Children Bicycles","Baldwin Bikes","Venita Daniel"
1334,"Augustina Joyner","Mount Vernon",NY,2018-01-07,2,9999.98,"Trek Powerfly 7 FS - 2018","Electric Bikes","Baldwin Bikes","Marcelene Boyer"
1334,"Augustina Joyner","Mount Vernon",NY,2018-01-07,2,8999.98,"Trek Emonda SLR 6 - 2018","Road Bikes","Baldwin Bikes","Marcelene Boyer"
1334,"Augustina Joyner","Mount Vernon",NY,2018-01-07,2,219.98,"Sun Bicycles Lil Kitt'n - 2017","Children Bicycles","Baldwin Bikes","Marcelene Boyer"
1334,"Augustina Joyner","Mount Vernon",NY,2018-01-07,1,269.99,"Electra Cruiser 1 (24-Inch) - 2016","Cruisers Bicycles","Baldwin Bikes","Marcelene Boyer"
1334,"Augustina Joyner","Mount Vernon",NY,2018-01-07,1,2299.99,"Trek Fuel EX 5 27.5 Plus - 2017","Mountain Bikes","Baldwin Bikes","Marcelene Boyer"
1335,"Delfina Gilliam","West Babylon",NY,2018-01-07,2,4499.98,"Trek Fuel EX 5 Plus - 2018","Mountain Bikes","Baldwin Bikes","Venita Daniel"
1337,"Ruth Horton",Hollis,NY,2018-01-09,1,4999.99,"Trek Domane SL 7 Women's - 2018","Road Bikes","Baldwin Bikes","Venita Daniel"
1338,"Hae Ramirez",Baldwinsville,NY,2018-01-10,2,12999.98,"Trek Emonda SLR 8 - 2018","Road Bikes","Baldwin Bikes","Marcelene Boyer"
1341,"Todd Waters","Bay Shore",NY,2018-01-12,2,1499.98,"Electra Queen of Hearts 3i - 2018","Cruisers Bicycles","Baldwin Bikes","Venita Daniel"
1341,"Todd Waters","Bay Shore",NY,2018-01-12,2,10999.98,"Trek Domane SLR 6 Disc - 2017","Road Bikes","Baldwin Bikes","Venita Daniel"
1341,"Todd Waters","Bay Shore",NY,2018-01-12,2,1799.98,"Electra Daydreamer 3i Ladies' - 2018","Cruisers Bicycles","Baldwin Bikes","Venita Daniel"
1341,"Todd Waters","Bay Shore",NY,2018-01-12,2,501.98,"Sun Bicycles Revolutions 24 - 2017","Cruisers Bicycles","Baldwin Bikes","Venita Daniel"
1342,"Vivian Deleon",Jamaica,NY,2018-01-12,1,1559.99,"Sun Bicycles ElectroLite - 2017","Electric Bikes","Baldwin Bikes","Venita Daniel"
1342,"Vivian Deleon",Jamaica,NY,2018-01-12,1,209.99,"Trek Precaliber 16 Boy's - 2018","Children Bicycles","Baldwin Bikes","Venita Daniel"
1343,"Deanne Parsons",Lindenhurst,NY,2018-01-13,1,559.99,"Electra Townie Original 21D Ladies' - 2018","Cruisers Bicycles","Baldwin Bikes","Marcelene Boyer"
1343,"Deanne Parsons",Lindenhurst,NY,2018-01-13,1,299.99,"Electra Sugar Skulls 1 (20-inch) - Girl's - 2017","Children Bicycles","Baldwin Bikes","Marcelene Boyer"
1343,"Deanne Parsons",Lindenhurst,NY,2018-01-13,2,6999.98,"Trek Domane SL 6 Disc - 2018","Road Bikes","Baldwin Bikes","Marcelene Boyer"
1343,"Deanne Parsons",Lindenhurst,NY,2018-01-13,2,693.98,"Sun Bicycles Lil Bolt Type-R - 2017","Cruisers Bicycles","Baldwin Bikes","Marcelene Boyer"
1343,"Deanne Parsons",Lindenhurst,NY,2018-01-13,1,3299.99,"Trek Boone 5 Disc - 2018","Cyclocross Bicycles","Baldwin Bikes","Marcelene Boyer"
1344,"Alishia Elliott","Mount Vernon",NY,2018-01-13,2,1599.98,"Electra Glam Punk 3i Ladies' - 2017","Cruisers Bicycles","Baldwin Bikes","Marcelene Boyer"
1344,"Alishia Elliott","Mount Vernon",NY,2018-01-13,2,1103.98,"Sun Bicycles Streamway 3 - 2017","Comfort Bicycles","Baldwin Bikes","Marcelene Boyer"
1344,"Alishia Elliott","Mount Vernon",NY,2018-01-13,1,999.99,"Surly Wednesday Frameset - 2016","Mountain Bikes","Baldwin Bikes","Marcelene Boyer"
1344,"Alishia Elliott","Mount Vernon",NY,2018-01-13,1,4999.99,"Trek Powerfly 8 FS Plus - 2017","Electric Bikes","Baldwin Bikes","Marcelene Boyer"
1345,"Ashanti Hammond",Nanuet,NY,2018-01-14,2,9999.98,"Trek Fuel EX 9.8 29 - 2017","Mountain Bikes","Baldwin Bikes","Marcelene Boyer"
1345,"Ashanti Hammond",Nanuet,NY,2018-01-14,2,6399.98,"Trek Domane ALR Disc Frameset - 2018","Road Bikes","Baldwin Bikes","Marcelene Boyer"
1345,"Ashanti Hammond",Nanuet,NY,2018-01-14,2,3098.00,"Surly Straggler 650b - 2018","Road Bikes","Baldwin Bikes","Marcelene Boyer"
1345,"Ashanti Hammond",Nanuet,NY,2018-01-14,2,1499.98,"Ritchey Timberwolf Frameset - 2016","Mountain Bikes","Baldwin Bikes","Marcelene Boyer"
1349,"Bess Mcbride","Garden City",NY,2018-01-15,2,4499.98,"Trek Fuel EX 5 Plus - 2018","Mountain Bikes","Baldwin Bikes","Marcelene Boyer"
1349,"Bess Mcbride","Garden City",NY,2018-01-15,2,9999.98,"Trek Super Commuter+ 8S - 2018","Electric Bikes","Baldwin Bikes","Marcelene Boyer"
1349,"Bess Mcbride","Garden City",NY,2018-01-15,2,3098.00,"Surly Straggler - 2018","Road Bikes","Baldwin Bikes","Marcelene Boyer"
1349,"Bess Mcbride","Garden City",NY,2018-01-15,1,3499.99,"Trek Domane SL 6 Disc - 2018","Road Bikes","Baldwin Bikes","Marcelene Boyer"
1350,"Kara Higgins",Ossining,NY,2018-01-15,1,749.99,"Electra Townie Balloon 3i EQ - 2017/2018","Comfort Bicycles","Baldwin Bikes","Venita Daniel"
1350,"Kara Higgins",Ossining,NY,2018-01-15,1,2599.99,"Electra Townie Go! 8i - 2017/2018","Cruisers Bicycles","Baldwin Bikes","Venita Daniel"
1350,"Kara Higgins",Ossining,NY,2018-01-15,1,2599.99,"Electra Townie Go! 8i Ladies' - 2018","Cruisers Bicycles","Baldwin Bikes","Venita Daniel"
1350,"Kara Higgins",Ossining,NY,2018-01-15,1,2299.99,"Trek Emonda ALR 6 - 2018","Road Bikes","Baldwin Bikes","Venita Daniel"
1350,"Kara Higgins",Ossining,NY,2018-01-15,2,539.98,"Electra Cruiser 1 (24-Inch) - 2016","Cruisers Bicycles","Baldwin Bikes","Venita Daniel"
1351,"Shenna Benton","New York",NY,2018-01-16,2,559.98,"Electra Under-The-Sea 1 16" - 2018","Children Bicycles","Baldwin Bikes","Venita Daniel"
1351,"Shenna Benton","New York",NY,2018-01-16,1,1499.99,"Trek Procaliber Frameset - 2018","Mountain Bikes","Baldwin Bikes","Venita Daniel"
1352,"Nicola Knight",Scarsdale,NY,2018-01-16,1,1799.99,"Trek Procaliber 6 - 2018","Mountain Bikes","Baldwin Bikes","Marcelene Boyer"
1352,"Nicola Knight",Scarsdale,NY,2018-01-16,2,1751.98,"Surly Steamroller - 2017","Road Bikes","Baldwin Bikes","Marcelene Boyer"
1352,"Nicola Knight",Scarsdale,NY,2018-01-16,2,559.98,"Electra Cyclosaurus 1 (16-inch) - Boy's - 2018","Children Bicycles","Baldwin Bikes","Marcelene Boyer"
1352,"Nicola Knight",Scarsdale,NY,2018-01-16,2,299.98,"Trek Girl's Kickster - 2017","Children Bicycles","Baldwin Bikes","Marcelene Boyer"
1352,"Nicola Knight",Scarsdale,NY,2018-01-16,1,489.99,"Electra Townie 3i EQ (20-inch) - Boys' - 2017","Children Bicycles","Baldwin Bikes","Marcelene Boyer"
1353,"Malinda Baxter",Whitestone,NY,2018-01-17,2,833.98,"Sun Bicycles Cruz 7 - 2017","Comfort Bicycles","Baldwin Bikes","Marcelene Boyer"
1353,"Malinda Baxter",Whitestone,NY,2018-01-17,1,639.99,"Electra Cruiser Lux Fat Tire 7D - 2018","Cruisers Bicycles","Baldwin Bikes","Marcelene Boyer"
1353,"Malinda Baxter",Whitestone,NY,2018-01-17,1,799.99,"Electra Townie Balloon 3i EQ Ladies' - 2018","Comfort Bicycles","Baldwin Bikes","Marcelene Boyer"
1353,"Malinda Baxter",Whitestone,NY,2018-01-17,2,299.98,"Trek Girl's Kickster - 2017","Children Bicycles","Baldwin Bikes","Marcelene Boyer"
1355,"Katia Henry",Bethpage,NY,2018-01-19,1,279.99,"Electra Under-The-Sea 1 16" - 2018","Children Bicycles","Baldwin Bikes","Venita Daniel"
1355,"Katia Henry",Bethpage,NY,2018-01-19,1,2599.99,"Electra Townie Go! 8i Ladies' - 2018","Cruisers Bicycles","Baldwin Bikes","Venita Daniel"
1355,"Katia Henry",Bethpage,NY,2018-01-19,1,7499.99,"Trek Domane SLR 8 Disc - 2018","Road Bikes","Baldwin Bikes","Venita Daniel"
1355,"Katia Henry",Bethpage,NY,2018-01-19,2,899.98,"Electra Townie Original 1 Ladies' - 2018","Comfort Bicycles","Baldwin Bikes","Venita Daniel"
1356,"Santa Larson","Valley Stream",NY,2018-01-19,1,2599.99,"Electra Townie Go! 8i - 2017/2018","Electric Bikes","Baldwin Bikes","Marcelene Boyer"
1356,"Santa Larson","Valley Stream",NY,2018-01-19,2,5999.98,"Electra Townie Commute Go! Ladies' - 2018","Electric Bikes","Baldwin Bikes","Marcelene Boyer"
1356,"Santa Larson","Valley Stream",NY,2018-01-19,2,639.98,"Trek Precaliber 24 (7-Speed) - Boys - 2018","Children Bicycles","Baldwin Bikes","Marcelene Boyer"
1357,"Yevette Todd","Ballston Spa",NY,2018-01-20,2,3599.98,"Trek Domane ALR 5 Disc - 2018","Road Bikes","Baldwin Bikes","Marcelene Boyer"
1357,"Yevette Todd","Ballston Spa",NY,2018-01-20,1,1559.99,"Sun Bicycles ElectroLite - 2017","Electric Bikes","Baldwin Bikes","Marcelene Boyer"
1357,"Yevette Todd","Ballston Spa",NY,2018-01-20,1,919.99,"Trek Stache Carbon Frameset - 2018","Mountain Bikes","Baldwin Bikes","Marcelene Boyer"
1360,"Takako Casey",Bronx,NY,2018-01-22,1,1632.99,"Surly Wednesday - 2017","Mountain Bikes","Baldwin Bikes","Marcelene Boyer"
1361,"Regine Odom","Franklin Square",NY,2018-01-22,2,1499.98,"Electra Townie Balloon 8D EQ - 2016/2017/2018","Comfort Bicycles","Baldwin Bikes","Venita Daniel"
1361,"Regine Odom","Franklin Square",NY,2018-01-22,1,4999.99,"Trek Domane SL 7 Women's - 2018","Road Bikes","Baldwin Bikes","Venita Daniel"
1361,"Regine Odom","Franklin Square",NY,2018-01-22,2,2698.00,"Surly Pack Rat - 2018","Road Bikes","Baldwin Bikes","Venita Daniel"
1362,"Gilberto Parsons","Middle Village",NY,2018-01-23,2,1999.98,"Surly Big Dummy Frameset - 2017","Mountain Bikes","Baldwin Bikes","Marcelene Boyer"
1362,"Gilberto Parsons","Middle Village",NY,2018-01-23,2,7199.98,"Trek Super Commuter+ 7 - 2018","Electric Bikes","Baldwin Bikes","Marcelene Boyer"
1362,"Gilberto Parsons","Middle Village",NY,2018-01-23,2,5799.98,"Trek Fuel EX 8 29 - 2016","Mountain Bikes","Baldwin Bikes","Marcelene Boyer"
1363,"Loni Mullen","South Ozone Park",NY,2018-01-24,2,501.98,"Sun Bicycles Revolutions 24 - 2017","Cruisers Bicycles","Baldwin Bikes","Marcelene Boyer"
1364,"Shena Carter","Howard Beach",NY,2018-01-25,1,647.99,"Sun Bicycles Biscayne Tandem CB - 2017","Cruisers Bicycles","Baldwin Bikes","Marcelene Boyer"
1364,"Shena Carter","Howard Beach",NY,2018-01-25,2,23999.98,"Trek Domane SLR 9 Disc - 2018","Road Bikes","Baldwin Bikes","Marcelene Boyer"
1364,"Shena Carter","Howard Beach",NY,2018-01-25,1,2499.99,"Trek Domane SL 5 Disc Women's - 2018","Road Bikes","Baldwin Bikes","Marcelene Boyer"
1364,"Shena Carter","Howard Beach",NY,2018-01-25,1,470.99,"Sun Bicycles Drifter 7 - 2017","Comfort Bicycles","Baldwin Bikes","Marcelene Boyer"
1365,"Deirdre Ryan",Utica,NY,2018-01-25,1,1549.99,"Trek Domane ALR 4 Disc - 2018","Road Bikes","Baldwin Bikes","Venita Daniel"
1365,"Deirdre Ryan",Utica,NY,2018-01-25,1,4999.99,"Trek Madone 9.2 - 2017","Road Bikes","Baldwin Bikes","Venita Daniel"
1365,"Deirdre Ryan",Utica,NY,2018-01-25,1,749.99,"Electra Morningstar 3i Ladies' - 2018","Cruisers Bicycles","Baldwin Bikes","Venita Daniel"
1366,"Jamaal Morrison","Staten Island",NY,2018-01-26,1,3199.99,"Trek Fuel EX 8 29 - 2018","Mountain Bikes","Baldwin Bikes","Marcelene Boyer"
1366,"Jamaal Morrison","Staten Island",NY,2018-01-26,2,3798.00,"Surly ECR 27.5 - 2018","Mountain Bikes","Baldwin Bikes","Marcelene Boyer"
1366,"Jamaal Morrison","Staten Island",NY,2018-01-26,1,3499.99,"Trek Powerfly 5 - 2018","Electric Bikes","Baldwin Bikes","Marcelene Boyer"
1368,"Spring Hayes",Ossining,NY,2018-01-27,1,250.99,"Sun Bicycles Revolutions 24 - 2017","Cruisers Bicycles","Baldwin Bikes","Marcelene Boyer"
1368,"Spring Hayes",Ossining,NY,2018-01-27,2,979.98,"Trek Marlin 5 - 2018","Mountain Bikes","Baldwin Bikes","Marcelene Boyer"
1368,"Spring Hayes",Ossining,NY,2018-01-27,1,4499.99,"Trek CrossRip+ - 2018","Electric Bikes","Baldwin Bikes","Marcelene Boyer"
1369,"Tena Cruz",Farmingdale,NY,2018-01-28,2,539.98,"Electra Cruiser 1 - 2016/2017/2018","Cruisers Bicycles","Baldwin Bikes","Marcelene Boyer"
1370,"Rey Lindsay",Monroe,NY,2018-01-28,1,3999.99,"Trek Slash 8 27.5 - 2016","Mountain Bikes","Baldwin Bikes","Venita Daniel"
1370,"Rey Lindsay",Monroe,NY,2018-01-28,2,419.98,"Trek Precaliber 16 Boys - 2017","Children Bicycles","Baldwin Bikes","Venita Daniel"
1370,"Rey Lindsay",Monroe,NY,2018-01-28,2,3599.98,"Trek Crockett 5 Disc - 2018","Cyclocross Bicycles","Baldwin Bikes","Venita Daniel"
1370,"Rey Lindsay",Monroe,NY,2018-01-28,1,1499.99,"Trek Remedy 27.5 C Frameset - 2018","Mountain Bikes","Baldwin Bikes","Venita Daniel"
1371,"Aida Koch","West Hempstead",NY,2018-01-29,2,1059.98,"Electra Cruiser Lux 3i - 2018","Cruisers Bicycles","Baldwin Bikes","Venita Daniel"
1371,"Aida Koch","West Hempstead",NY,2018-01-29,2,3599.98,"Trek Remedy 29 Carbon Frameset - 2016","Mountain Bikes","Baldwin Bikes","Venita Daniel"
1372,"Alma Peck",Corona,NY,2018-01-29,1,749.99,"Electra Townie Balloon 8D EQ - 2016/2017/2018","Comfort Bicycles","Baldwin Bikes","Marcelene Boyer"
1372,"Alma Peck",Corona,NY,2018-01-29,2,639.98,"Electra Heartchya 1 (20-inch) - Girl's - 2018","Children Bicycles","Baldwin Bikes","Marcelene Boyer"
1377,"Jimmy Russell","Howard Beach",NY,2018-02-01,2,9999.98,"Trek Domane SL 7 Women's - 2018","Road Bikes","Baldwin Bikes","Venita Daniel"
1377,"Jimmy Russell","Howard Beach",NY,2018-02-01,1,919.99,"Trek Stache Carbon Frameset - 2018","Mountain Bikes","Baldwin Bikes","Venita Daniel"
1377,"Jimmy Russell","Howard Beach",NY,2018-02-01,1,1499.99,"Trek Emonda S 4 - 2017","Road Bikes","Baldwin Bikes","Venita Daniel"
1377,"Jimmy Russell","Howard Beach",NY,2018-02-01,2,6999.98,"Trek XM700+ Lowstep - 2018","Electric Bikes","Baldwin Bikes","Venita Daniel"
1379,"Nubia Anderson",Ronkonkoma,NY,2018-02-02,1,529.99,"Electra Moto 1 - 2016","Cruisers Bicycles","Baldwin Bikes","Marcelene Boyer"
1379,"Nubia Anderson",Ronkonkoma,NY,2018-02-02,1,999.99,"Trek X-Caliber 8 - 2018","Mountain Bikes","Baldwin Bikes","Marcelene Boyer"
1379,"Nubia Anderson",Ronkonkoma,NY,2018-02-02,2,179.98,"Strider Classic 12 Balance Bike - 2018","Children Bicycles","Baldwin Bikes","Marcelene Boyer"
1381,"Mathilda Pennington","New City",NY,2018-02-05,2,459.98,"Trek Precaliber 20 Boy's - 2018","Children Bicycles","Baldwin Bikes","Venita Daniel"
1381,"Mathilda Pennington","New City",NY,2018-02-05,2,1799.98,"Electra Tiger Shark 3i - 2018","Cruisers Bicycles","Baldwin Bikes","Venita Daniel"
1382,"Renay Atkins",Woodside,NY,2018-02-06,1,479.99,"Electra Cruiser Lux 7D Ladies' - 2018","Cruisers Bicycles","Baldwin Bikes","Marcelene Boyer"
1382,"Renay Atkins",Woodside,NY,2018-02-06,2,2199.98,"Electra Amsterdam Fashion 7i Ladies' - 2017","Cruisers Bicycles","Baldwin Bikes","Marcelene Boyer"
1382,"Renay Atkins",Woodside,NY,2018-02-06,1,959.99,"Electra Delivery 3i - 2016/2017/2018","Cruisers Bicycles","Baldwin Bikes","Marcelene Boyer"
1382,"Renay Atkins",Woodside,NY,2018-02-06,1,1499.99,"Trek X-Caliber Frameset - 2018","Mountain Bikes","Baldwin Bikes","Marcelene Boyer"
1382,"Renay Atkins",Woodside,NY,2018-02-06,1,749.99,"Electra Townie Balloon 8D EQ - 2016/2017/2018","Cruisers Bicycles","Baldwin Bikes","Marcelene Boyer"
1384,"Elmira Levy","Spring Valley",NY,2018-02-08,1,469.99,"Trek Farley Alloy Frameset - 2017","Mountain Bikes","Baldwin Bikes","Venita Daniel"
1384,"Elmira Levy","Spring Valley",NY,2018-02-08,2,6399.98,"Trek Fuel EX 8 29 XT - 2018","Mountain Bikes","Baldwin Bikes","Venita Daniel"
1384,"Elmira Levy","Spring Valley",NY,2018-02-08,1,209.99,"Trek Precaliber 16 Boys - 2017","Children Bicycles","Baldwin Bikes","Venita Daniel"
1384,"Elmira Levy","Spring Valley",NY,2018-02-08,1,349.99,"Electra Savannah 3i (20-inch) - Girl's - 2017","Children Bicycles","Baldwin Bikes","Venita Daniel"
1387,"Deshawn Mendoza",Monsey,NY,2018-02-09,1,449.99,"Sun Bicycles Cruz 3 - 2017","Comfort Bicycles","Baldwin Bikes","Venita Daniel"
1388,"Jeniffer Slater",Schenectady,NY,2018-02-09,1,2999.99,"Electra Townie Commute Go! - 2018","Cruisers Bicycles","Baldwin Bikes","Venita Daniel"
1389,"Celestine Jacobs",Massapequa,NY,2018-02-11,2,659.98,"Haro Downtown 16 - 2017","Children Bicycles","Baldwin Bikes","Venita Daniel"
1389,"Celestine Jacobs",Massapequa,NY,2018-02-11,2,6399.98,"Trek Domane SL 6 - 2018","Road Bikes","Baldwin Bikes","Venita Daniel"
1389,"Celestine Jacobs",Massapequa,NY,2018-02-11,1,319.99,"Electra Cruiser 7D (24-Inch) Ladies' - 2016/2018","Cruisers Bicycles","Baldwin Bikes","Venita Daniel"
1390,"Tenisha Lyons",Amityville,NY,2018-02-12,2,2939.98,"Haro Shift R3 - 2017","Mountain Bikes","Baldwin Bikes","Venita Daniel"
1390,"Tenisha Lyons",Amityville,NY,2018-02-12,2,1999.98,"Surly Big Dummy Frameset - 2017","Mountain Bikes","Baldwin Bikes","Venita Daniel"
1390,"Tenisha Lyons",Amityville,NY,2018-02-12,1,899.99,"Electra Townie Balloon 7i EQ Ladies' - 2017/2018","Comfort Bicycles","Baldwin Bikes","Venita Daniel"
1390,"Tenisha Lyons",Amityville,NY,2018-02-12,1,481.99,"Sun Bicycles Streamway - 2017","Comfort Bicycles","Baldwin Bikes","Venita Daniel"
1390,"Tenisha Lyons",Amityville,NY,2018-02-12,2,3599.98,"Trek Domane ALR 5 Gravel - 2018","Road Bikes","Baldwin Bikes","Venita Daniel"
1391,"Hortencia O'neil","Rockville Centre",NY,2018-02-13,2,1059.98,"Electra Cruiser Lux 3i - 2018","Cruisers Bicycles","Baldwin Bikes","Venita Daniel"
1391,"Hortencia O'neil","Rockville Centre",NY,2018-02-13,2,639.98,"Electra Treasure 1 20" - 2018","Children Bicycles","Baldwin Bikes","Venita Daniel"
1391,"Hortencia O'neil","Rockville Centre",NY,2018-02-13,1,369.99,"Trek Precaliber 24 21-speed Boy's - 2018","Children Bicycles","Baldwin Bikes","Venita Daniel"
1392,"Kenyetta Mason",Flushing,NY,2018-02-13,2,379.98,"Trek Precaliber 12 Boys - 2017","Children Bicycles","Baldwin Bikes","Marcelene Boyer"
1392,"Kenyetta Mason",Flushing,NY,2018-02-13,2,1799.98,"Electra Townie Commute 27D Ladies - 2018","Cruisers Bicycles","Baldwin Bikes","Marcelene Boyer"
1393,"Tena Huber",Newburgh,NY,2018-02-14,1,209.99,"Haro Shredder 20 - 2017","Children Bicycles","Baldwin Bikes","Venita Daniel"
1393,"Tena Huber",Newburgh,NY,2018-02-14,1,659.99,"Electra Amsterdam Original 3i Ladies' - 2017","Cruisers Bicycles","Baldwin Bikes","Venita Daniel"
1393,"Tena Huber",Newburgh,NY,2018-02-14,2,10599.98,"Trek Remedy 9.8 - 2017","Mountain Bikes","Baldwin Bikes","Venita Daniel"
1393,"Tena Huber",Newburgh,NY,2018-02-14,2,319.98,"Trek Kickster - 2018","Children Bicycles","Baldwin Bikes","Venita Daniel"
1396,"Lara Guy",Ronkonkoma,NY,2018-02-15,1,1999.99,"Trek Emonda S 5 - 2017","Road Bikes","Baldwin Bikes","Venita Daniel"
1396,"Lara Guy",Ronkonkoma,NY,2018-02-15,1,2199.99,"Trek Domane SL 5 - 2018","Road Bikes","Baldwin Bikes","Venita Daniel"
1397,"James Robles","North Tonawanda",NY,2018-02-15,2,939.98,"Surly Pack Rat Frameset - 2018","Mountain Bikes","Baldwin Bikes","Marcelene Boyer"
1397,"James Robles","North Tonawanda",NY,2018-02-15,1,2999.99,"Trek Remedy 7 27.5 - 2018","Mountain Bikes","Baldwin Bikes","Marcelene Boyer"
1397,"James Robles","North Tonawanda",NY,2018-02-15,1,3999.99,"Trek Slash 8 27.5 - 2016","Mountain Bikes","Baldwin Bikes","Marcelene Boyer"
1397,"James Robles","North Tonawanda",NY,2018-02-15,1,749.99,"Electra White Water 3i - 2018","Cruisers Bicycles","Baldwin Bikes","Marcelene Boyer"
1397,"James Robles","North Tonawanda",NY,2018-02-15,2,1295.98,"Sun Bicycles Biscayne Tandem CB - 2017","Cruisers Bicycles","Baldwin Bikes","Marcelene Boyer"
1399,"Stefany Potter","Saratoga Springs",NY,2018-02-16,2,3098.00,"Surly Straggler - 2018","Cyclocross Bicycles","Baldwin Bikes","Marcelene Boyer"
1399,"Stefany Potter","Saratoga Springs",NY,2018-02-16,1,479.99,"Electra Cruiser Lux 7D - 2018","Cruisers Bicycles","Baldwin Bikes","Marcelene Boyer"
1399,"Stefany Potter","Saratoga Springs",NY,2018-02-16,2,939.98,"Surly Pack Rat Frameset - 2018","Mountain Bikes","Baldwin Bikes","Marcelene Boyer"
1399,"Stefany Potter","Saratoga Springs",NY,2018-02-16,1,2499.99,"Surly Karate Monkey 27.5+ Frameset - 2017","Mountain Bikes","Baldwin Bikes","Marcelene Boyer"
1400,"Louis Powell","Staten Island",NY,2018-02-17,2,1099.98,"Electra Townie Original 21D - 2016","Comfort Bicycles","Baldwin Bikes","Marcelene Boyer"
1400,"Louis Powell","Staten Island",NY,2018-02-17,2,1819.98,"Electra Straight 8 3i - 2018","Cruisers Bicycles","Baldwin Bikes","Marcelene Boyer"
1400,"Louis Powell","Staten Island",NY,2018-02-17,1,229.99,"Trek Precaliber 20 Girl's - 2018","Children Bicycles","Baldwin Bikes","Marcelene Boyer"
1400,"Louis Powell","Staten Island",NY,2018-02-17,1,209.99,"Trek Precaliber 16 Girls - 2017","Children Bicycles","Baldwin Bikes","Marcelene Boyer"
1401,"Linnie Branch",Plattsburgh,NY,2018-02-18,1,379.99,"Trek 820 - 2018","Mountain Bikes","Baldwin Bikes","Venita Daniel"
1401,"Linnie Branch",Plattsburgh,NY,2018-02-18,1,429.99,"Electra Cruiser Lux 1 Ladies' - 2018","Cruisers Bicycles","Baldwin Bikes","Venita Daniel"
1401,"Linnie Branch",Plattsburgh,NY,2018-02-18,2,1499.98,"Electra Townie Balloon 3i EQ - 2017/2018","Cruisers Bicycles","Baldwin Bikes","Venita Daniel"
1402,"Earlean Pena",Rome,NY,2018-02-19,2,5599.98,"Trek Lift+ Lowstep - 2018","Electric Bikes","Baldwin Bikes","Marcelene Boyer"
1402,"Earlean Pena",Rome,NY,2018-02-19,2,4999.98,"Surly Karate Monkey 27.5+ Frameset - 2017","Mountain Bikes","Baldwin Bikes","Marcelene Boyer"
1402,"Earlean Pena",Rome,NY,2018-02-19,1,4999.99,"Trek Powerfly 7 FS - 2018","Electric Bikes","Baldwin Bikes","Marcelene Boyer"
1402,"Earlean Pena",Rome,NY,2018-02-19,1,289.99,"Trek Precaliber 20 6-speed Girl's - 2018","Children Bicycles","Baldwin Bikes","Marcelene Boyer"
1403,"Cassandra Nichols",Hicksville,NY,2018-02-21,2,419.98,"Haro Shredder 20 Girls - 2017","Children Bicycles","Baldwin Bikes","Venita Daniel"
1405,"Kellie Franco",Commack,NY,2018-02-25,2,5999.98,"Trek Emonda SL 6 Disc - 2018","Road Bikes","Baldwin Bikes","Marcelene Boyer"
1406,"Parthenia Figueroa",Mahopac,NY,2018-02-25,2,859.98,"Electra Cruiser Lux 1 Ladies' - 2018","Cruisers Bicycles","Baldwin Bikes","Venita Daniel"
1406,"Parthenia Figueroa",Mahopac,NY,2018-02-25,1,489.99,"Trek Marlin 5 - 2018","Mountain Bikes","Baldwin Bikes","Venita Daniel"
1407,"Georgetta Hardin",Canandaigua,NY,2018-02-26,1,799.99,"Electra Townie Balloon 3i EQ Ladies' - 2018","Comfort Bicycles","Baldwin Bikes","Marcelene Boyer"
1407,"Georgetta Hardin",Canandaigua,NY,2018-02-26,2,1665.98,"Surly Troll Frameset - 2017","Mountain Bikes","Baldwin Bikes","Marcelene Boyer"
1407,"Georgetta Hardin",Canandaigua,NY,2018-02-26,1,399.99,"Trek Superfly 20 - 2018","Children Bicycles","Baldwin Bikes","Marcelene Boyer"
1407,"Georgetta Hardin",Canandaigua,NY,2018-02-26,1,832.99,"Sun Bicycles Spider 3i - 2017","Mountain Bikes","Baldwin Bikes","Marcelene Boyer"
1408,"Katherin Clark",Pittsford,NY,2018-02-26,2,599.98,"Electra Girl's Hawaii 1 (20-inch) - 2015/2016","Children Bicycles","Baldwin Bikes","Marcelene Boyer"
1408,"Katherin Clark",Pittsford,NY,2018-02-26,1,749.99,"Trek Domane AL 2 Women's - 2018","Road Bikes","Baldwin Bikes","Marcelene Boyer"
1408,"Katherin Clark",Pittsford,NY,2018-02-26,1,579.99,"Trek Marlin 6 - 2018","Mountain Bikes","Baldwin Bikes","Marcelene Boyer"
1408,"Katherin Clark",Pittsford,NY,2018-02-26,2,5198.00,"Heller Shagamaw GX1 - 2018","Mountain Bikes","Baldwin Bikes","Marcelene Boyer"
1410,"Ruthanne Franco",Astoria,NY,2018-02-27,2,9999.98,"Trek Super Commuter+ 8S - 2018","Electric Bikes","Baldwin Bikes","Venita Daniel"
1410,"Ruthanne Franco",Astoria,NY,2018-02-27,2,9999.98,"Trek Powerfly 7 FS - 2018","Electric Bikes","Baldwin Bikes","Venita Daniel"
1410,"Ruthanne Franco",Astoria,NY,2018-02-27,1,679.99,"Electra Townie Original 21D EQ - 2017/2018","Comfort Bicycles","Baldwin Bikes","Venita Daniel"
1412,"Diane Jones","Fresh Meadows",NY,2018-03-01,2,1839.98,"Trek Domane AL 3 Women's - 2018","Road Bikes","Baldwin Bikes","Venita Daniel"
1412,"Diane Jones","Fresh Meadows",NY,2018-03-01,1,5299.99,"Trek Fuel EX 9.8 27.5 Plus - 2017","Mountain Bikes","Baldwin Bikes","Venita Daniel"
1412,"Diane Jones","Fresh Meadows",NY,2018-03-01,2,833.98,"Sun Bicycles Cruz 7 - Women's - 2017","Comfort Bicycles","Baldwin Bikes","Venita Daniel"
1414,"Tiny French",Plainview,NY,2018-03-03,2,5999.98,"Trek Emonda SL 6 Disc - 2018","Road Bikes","Baldwin Bikes","Venita Daniel"
1414,"Tiny French",Plainview,NY,2018-03-03,2,739.98,"Electra Sweet Ride 3i (20-inch) - Girls' - 2018","Children Bicycles","Baldwin Bikes","Venita Daniel"
1415,"Carolann Russell","Glen Cove",NY,2018-03-03,2,3265.98,"Surly Wednesday - 2017","Mountain Bikes","Baldwin Bikes","Venita Daniel"
1415,"Carolann Russell","Glen Cove",NY,2018-03-03,1,429.00,"Pure Cycles Vine 8-Speed - 2016","Cruisers Bicycles","Baldwin Bikes","Venita Daniel"
1415,"Carolann Russell","Glen Cove",NY,2018-03-03,2,499.98,"Strider Sport 16 - 2018","Children Bicycles","Baldwin Bikes","Venita Daniel"
1415,"Carolann Russell","Glen Cove",NY,2018-03-03,1,659.99,"Electra Townie Original 3i EQ - 2017/2018","Cruisers Bicycles","Baldwin Bikes","Venita Daniel"
1418,"Bev Chang",Ithaca,NY,2018-03-04,2,4999.98,"Trek Fuel EX 7 29 - 2018","Mountain Bikes","Baldwin Bikes","Marcelene Boyer"
1418,"Bev Chang",Ithaca,NY,2018-03-04,2,1359.98,"Electra Townie Original 21D EQ Ladies' - 2018","Cruisers Bicycles","Baldwin Bikes","Marcelene Boyer"
1419,"Lavern Orr",Webster,NY,2018-03-04,1,1499.00,"Surly Krampus - 2018","Mountain Bikes","Baldwin Bikes","Marcelene Boyer"
1419,"Lavern Orr",Webster,NY,2018-03-04,2,1799.98,"Electra Koa 3i Ladies' - 2018","Cruisers Bicycles","Baldwin Bikes","Marcelene Boyer"
1419,"Lavern Orr",Webster,NY,2018-03-04,1,899.99,"Electra Daydreamer 3i Ladies' - 2018","Cruisers Bicycles","Baldwin Bikes","Marcelene Boyer"
1420,"Erna Sloan","Howard Beach",NY,2018-03-04,1,2299.99,"Trek Verve+ Lowstep - 2018","Electric Bikes","Baldwin Bikes","Venita Daniel"
1420,"Erna Sloan","Howard Beach",NY,2018-03-04,2,6999.98,"Trek XM700+ - 2018","Electric Bikes","Baldwin Bikes","Venita Daniel"
1420,"Erna Sloan","Howard Beach",NY,2018-03-04,1,1899.00,"Surly ECR 27.5 - 2018","Mountain Bikes","Baldwin Bikes","Venita Daniel"
1421,"Sheree Blanchard",Queensbury,NY,2018-03-05,2,559.98,"Electra Water Lily 1 (16-inch) - Girl's - 2018","Children Bicycles","Baldwin Bikes","Venita Daniel"
1425,"Lavina Dejesus",Newburgh,NY,2018-03-07,2,639.98,"Electra Cruiser 7D (24-Inch) Ladies' - 2016/2018","Cruisers Bicycles","Baldwin Bikes","Marcelene Boyer"
1425,"Lavina Dejesus",Newburgh,NY,2018-03-07,1,89.99,"Strider Classic 12 Balance Bike - 2018","Children Bicycles","Baldwin Bikes","Marcelene Boyer"
1425,"Lavina Dejesus",Newburgh,NY,2018-03-07,1,209.99,"Haro Shredder 20 Girls - 2017","Children Bicycles","Baldwin Bikes","Marcelene Boyer"
1425,"Lavina Dejesus",Newburgh,NY,2018-03-07,2,6399.98,"Trek Domane SL Disc Frameset - 2017","Road Bikes","Baldwin Bikes","Marcelene Boyer"
1425,"Lavina Dejesus",Newburgh,NY,2018-03-07,2,3599.98,"Trek Domane ALR 5 Disc - 2018","Road Bikes","Baldwin Bikes","Marcelene Boyer"
1426,"Emory O'connor",Rochester,NY,2018-03-07,1,749.99,"Electra Queen of Hearts 3i - 2018","Cruisers Bicycles","Baldwin Bikes","Marcelene Boyer"
1426,"Emory O'connor",Rochester,NY,2018-03-07,2,1199.98,"Electra Townie Original 7D EQ - Women's - 2016","Cruisers Bicycles","Baldwin Bikes","Marcelene Boyer"
1426,"Emory O'connor",Rochester,NY,2018-03-07,1,319.99,"Electra Cruiser 7D (24-Inch) Ladies' - 2016/2018","Children Bicycles","Baldwin Bikes","Marcelene Boyer"
1427,"Latoya Johns","Ballston Spa",NY,2018-03-07,2,859.98,"Electra Cruiser Lux 1 Ladies' - 2018","Cruisers Bicycles","Baldwin Bikes","Marcelene Boyer"
1427,"Latoya Johns","Ballston Spa",NY,2018-03-07,1,2999.99,"Trek Remedy 7 27.5 - 2018","Mountain Bikes","Baldwin Bikes","Marcelene Boyer"
1427,"Latoya Johns","Ballston Spa",NY,2018-03-07,2,3098.00,"Surly Straggler 650b - 2018","Road Bikes","Baldwin Bikes","Marcelene Boyer"
1428,"Addie Hahn","Franklin Square",NY,2018-03-08,2,1799.98,"Electra Super Moto 8i - 2018","Cruisers Bicycles","Baldwin Bikes","Venita Daniel"
1428,"Addie Hahn","Franklin Square",NY,2018-03-08,1,469.99,"Surly Big Fat Dummy Frameset - 2018","Mountain Bikes","Baldwin Bikes","Venita Daniel"
1428,"Addie Hahn","Franklin Square",NY,2018-03-08,2,5599.98,"Trek Neko+ - 2018","Electric Bikes","Baldwin Bikes","Venita Daniel"
1428,"Addie Hahn","Franklin Square",NY,2018-03-08,1,2499.99,"Surly Karate Monkey 27.5+ Frameset - 2017","Mountain Bikes","Baldwin Bikes","Venita Daniel"
1428,"Addie Hahn","Franklin Square",NY,2018-03-08,2,6999.98,"Trek XM700+ - 2018","Electric Bikes","Baldwin Bikes","Venita Daniel"
1429,"Patria Harper",Astoria,NY,2018-03-08,2,1319.98,"Electra Amsterdam Original 3i - 2015/2017","Cruisers Bicycles","Baldwin Bikes","Marcelene Boyer"
1430,"Tara Maynard",Lindenhurst,NY,2018-03-10,1,319.99,"Electra Cruiser 7D Ladies' - 2016/2018","Cruisers Bicycles","Baldwin Bikes","Venita Daniel"
1430,"Tara Maynard",Lindenhurst,NY,2018-03-10,1,319.99,"Electra Cruiser 7D (24-Inch) Ladies' - 2016/2018","Children Bicycles","Baldwin Bikes","Venita Daniel"
1431,"Mazie Fernandez",Webster,NY,2018-03-11,1,3999.99,"Trek Boone 7 Disc - 2018","Cyclocross Bicycles","Baldwin Bikes","Marcelene Boyer"
1431,"Mazie Fernandez",Webster,NY,2018-03-11,1,749.99,"Surly Ogre Frameset - 2017","Road Bikes","Baldwin Bikes","Marcelene Boyer"
1431,"Mazie Fernandez",Webster,NY,2018-03-11,1,2999.99,"Electra Townie Commute Go! Ladies' - 2018","Cruisers Bicycles","Baldwin Bikes","Marcelene Boyer"
1431,"Mazie Fernandez",Webster,NY,2018-03-11,1,749.99,"Electra Townie Balloon 3i EQ - 2017/2018","Cruisers Bicycles","Baldwin Bikes","Marcelene Boyer"
1432,"Gayla Sims",Lindenhurst,NY,2018-03-11,1,1899.00,"Surly ECR - 2018","Road Bikes","Baldwin Bikes","Marcelene Boyer"
1433,"Britteny Schroeder",Pittsford,NY,2018-03-11,1,249.99,"Strider Sport 16 - 2018","Children Bicycles","Baldwin Bikes","Venita Daniel"
1434,"Frederica Rojas",Ithaca,NY,2018-03-14,2,859.98,"Electra Cruiser Lux 1 - 2016/2018","Cruisers Bicycles","Baldwin Bikes","Marcelene Boyer"
1434,"Frederica Rojas",Ithaca,NY,2018-03-14,1,2999.99,"Electra Townie Commute Go! - 2018","Electric Bikes","Baldwin Bikes","Marcelene Boyer"
1434,"Frederica Rojas",Ithaca,NY,2018-03-14,2,559.98,"Electra Starship 1 16" - 2018","Children Bicycles","Baldwin Bikes","Marcelene Boyer"
1434,"Frederica Rojas",Ithaca,NY,2018-03-14,2,9999.98,"Trek Powerfly 8 FS Plus - 2017","Electric Bikes","Baldwin Bikes","Marcelene Boyer"
1435,"Laurel Schultz","Mount Vernon",NY,2018-03-14,2,3199.98,"Trek Stache 5 - 2018","Mountain Bikes","Baldwin Bikes","Marcelene Boyer"
1435,"Laurel Schultz","Mount Vernon",NY,2018-03-14,1,999.99,"Trek X-Caliber 8 - 2017","Mountain Bikes","Baldwin Bikes","Marcelene Boyer"
1435,"Laurel Schultz","Mount Vernon",NY,2018-03-14,1,1559.99,"Sun Bicycles ElectroLite - 2017","Electric Bikes","Baldwin Bikes","Marcelene Boyer"
1435,"Laurel Schultz","Mount Vernon",NY,2018-03-14,1,799.99,"Electra Townie Balloon 3i EQ Ladies' - 2018","Cruisers Bicycles","Baldwin Bikes","Marcelene Boyer"
1436,"Zenia Bruce",Rosedale,NY,2018-03-14,2,1119.98,"Electra Townie Original 21D Ladies' - 2018","Cruisers Bicycles","Baldwin Bikes","Marcelene Boyer"
1438,"Dortha Jarvis",Oceanside,NY,2018-03-15,1,959.99,"Electra Delivery 3i - 2016/2017/2018","Cruisers Bicycles","Baldwin Bikes","Marcelene Boyer"
1438,"Dortha Jarvis",Oceanside,NY,2018-03-15,1,4999.99,"Trek Remedy 9.8 27.5 - 2018","Mountain Bikes","Baldwin Bikes","Marcelene Boyer"
1438,"Dortha Jarvis",Oceanside,NY,2018-03-15,2,2199.98,"Electra Amsterdam Fashion 7i Ladies' - 2017","Cruisers Bicycles","Baldwin Bikes","Marcelene Boyer"
1438,"Dortha Jarvis",Oceanside,NY,2018-03-15,1,2599.00,"Heller Shagamaw GX1 - 2018","Mountain Bikes","Baldwin Bikes","Marcelene Boyer"
1438,"Dortha Jarvis",Oceanside,NY,2018-03-15,2,5599.98,"Trek Dual Sport+ - 2018","Electric Bikes","Baldwin Bikes","Marcelene Boyer"
1439,"Jerlene Rios",Plainview,NY,2018-03-15,1,2299.99,"Trek Fuel EX 5 27.5 Plus - 2017","Mountain Bikes","Baldwin Bikes","Venita Daniel"
1439,"Jerlene Rios",Plainview,NY,2018-03-15,1,89.99,"Strider Classic 12 Balance Bike - 2018","Children Bicycles","Baldwin Bikes","Venita Daniel"
1439,"Jerlene Rios",Plainview,NY,2018-03-15,2,979.98,"Electra Townie Original 7D - 2017","Comfort Bicycles","Baldwin Bikes","Venita Daniel"
1439,"Jerlene Rios",Plainview,NY,2018-03-15,1,7499.99,"Trek Domane SLR 8 Disc - 2018","Road Bikes","Baldwin Bikes","Venita Daniel"
1442,"Emmett Hahn",Freeport,NY,2018-03-16,1,4499.99,"Trek Emonda SLR 6 - 2018","Road Bikes","Baldwin Bikes","Venita Daniel"
1442,"Emmett Hahn",Freeport,NY,2018-03-16,1,269.99,"Electra Cruiser 1 Ladies' - 2018","Cruisers Bicycles","Baldwin Bikes","Venita Daniel"
1442,"Emmett Hahn",Freeport,NY,2018-03-16,2,419.98,"Trek Precaliber 16 Girl's - 2018","Children Bicycles","Baldwin Bikes","Venita Daniel"
1443,"Damian Mills","Long Beach",NY,2018-03-16,1,4499.99,"Trek Emonda SLR 6 - 2018","Road Bikes","Baldwin Bikes","Venita Daniel"
1443,"Damian Mills","Long Beach",NY,2018-03-16,1,1999.99,"Trek Emonda S 5 - 2017","Road Bikes","Baldwin Bikes","Venita Daniel"
1443,"Damian Mills","Long Beach",NY,2018-03-16,2,679.98,"Electra Townie 7D (20-inch) - Boys' - 2017","Children Bicycles","Baldwin Bikes","Venita Daniel"
1444,"Barry Albert",Auburn,NY,2018-03-16,1,209.99,"Trek Precaliber 16 Girls - 2017","Children Bicycles","Baldwin Bikes","Marcelene Boyer"
1444,"Barry Albert",Auburn,NY,2018-03-16,2,3798.00,"Surly ECR 27.5 - 2018","Mountain Bikes","Baldwin Bikes","Marcelene Boyer"
1445,"Reita Dickson",Scarsdale,NY,2018-03-17,2,1279.98,"Electra Moto 3i - 2018","Cruisers Bicycles","Baldwin Bikes","Venita Daniel"
1445,"Reita Dickson",Scarsdale,NY,2018-03-17,1,875.99,"Surly Steamroller - 2017","Road Bikes","Baldwin Bikes","Venita Daniel"
1445,"Reita Dickson",Scarsdale,NY,2018-03-17,2,1999.98,"Trek Farley Carbon Frameset - 2018","Mountain Bikes","Baldwin Bikes","Venita Daniel"
1446,"Sandy Mills",Schenectady,NY,2018-03-17,1,319.99,"Electra Cruiser 7D (24-Inch) Ladies' - 2016/2018","Cruisers Bicycles","Baldwin Bikes","Marcelene Boyer"
1446,"Sandy Mills",Schenectady,NY,2018-03-17,2,1279.98,"Electra Cruiser Lux Fat Tire 7D - 2018","Cruisers Bicycles","Baldwin Bikes","Marcelene Boyer"
1446,"Sandy Mills",Schenectady,NY,2018-03-17,2,1799.98,"Electra Daydreamer 3i Ladies' - 2018","Cruisers Bicycles","Baldwin Bikes","Marcelene Boyer"
1448,"Whitney Estes",Brentwood,NY,2018-03-18,1,749.99,"Electra Townie Balloon 8D EQ Ladies' - 2016/2017/2018","Cruisers Bicycles","Baldwin Bikes","Marcelene Boyer"
1449,"Sheba Knapp",Woodside,NY,2018-03-18,1,2299.99,"Trek Emonda ALR 6 - 2018","Road Bikes","Baldwin Bikes","Venita Daniel"
1449,"Sheba Knapp",Woodside,NY,2018-03-18,1,2699.99,"Trek Domane S 6 - 2017","Road Bikes","Baldwin Bikes","Venita Daniel"
1449,"Sheba Knapp",Woodside,NY,2018-03-18,2,1599.98,"Electra Townie Balloon 3i EQ Ladies' - 2018","Cruisers Bicycles","Baldwin Bikes","Venita Daniel"
1449,"Sheba Knapp",Woodside,NY,2018-03-18,2,5999.98,"Electra Townie Commute Go! Ladies' - 2018","Cruisers Bicycles","Baldwin Bikes","Venita Daniel"
1449,"Sheba Knapp",Woodside,NY,2018-03-18,2,539.98,"Electra Girl's Hawaii 1 (16-inch) - 2015/2016","Cruisers Bicycles","Baldwin Bikes","Venita Daniel"
1450,"Sophia Mcmillan",Uniondale,NY,2018-03-19,1,489.99,"Electra Straight 8 3i (20-inch) - Boy's - 2017","Children Bicycles","Baldwin Bikes","Venita Daniel"
1450,"Sophia Mcmillan",Uniondale,NY,2018-03-19,2,6399.98,"Trek Domane ALR Frameset - 2018","Road Bikes","Baldwin Bikes","Venita Daniel"
1450,"Sophia Mcmillan",Uniondale,NY,2018-03-19,1,559.99,"Electra Townie Original 21D - 2018","Comfort Bicycles","Baldwin Bikes","Venita Daniel"
1450,"Sophia Mcmillan",Uniondale,NY,2018-03-19,2,5999.98,"Trek Crockett 7 Disc - 2018","Cyclocross Bicycles","Baldwin Bikes","Venita Daniel"
1450,"Sophia Mcmillan",Uniondale,NY,2018-03-19,2,1799.98,"Electra Koa 3i Ladies' - 2018","Cruisers Bicycles","Baldwin Bikes","Venita Daniel"
1451,"Kristy Watkins","Howard Beach",NY,2018-03-19,1,1469.99,"Trek Ticket S Frame - 2018","Mountain Bikes","Baldwin Bikes","Marcelene Boyer"
1454,"Fairy Robinson",Liverpool,NY,2018-03-20,1,319.99,"Electra Heartchya 1 (20-inch) - Girl's - 2018","Children Bicycles","Baldwin Bikes","Marcelene Boyer"
1454,"Fairy Robinson",Liverpool,NY,2018-03-20,2,1665.98,"Sun Bicycles Spider 3i - 2017","Mountain Bikes","Baldwin Bikes","Marcelene Boyer"
1454,"Fairy Robinson",Liverpool,NY,2018-03-20,1,1499.00,"Surly Krampus - 2018","Mountain Bikes","Baldwin Bikes","Marcelene Boyer"
1454,"Fairy Robinson",Liverpool,NY,2018-03-20,2,1099.98,"Haro Flightline Two 26 Plus - 2017","Mountain Bikes","Baldwin Bikes","Marcelene Boyer"
1455,"Greta Page",Commack,NY,2018-03-20,2,679.98,"Electra Townie 7D (20-inch) - Boys' - 2017","Children Bicycles","Baldwin Bikes","Marcelene Boyer"
1455,"Greta Page",Commack,NY,2018-03-20,1,749.99,"Electra Townie Balloon 3i EQ - 2017/2018","Cruisers Bicycles","Baldwin Bikes","Marcelene Boyer"
1456,"Hue May","Valley Stream",NY,2018-03-20,2,5599.98,"Trek Lift+ - 2018","Electric Bikes","Baldwin Bikes","Venita Daniel"
1456,"Hue May","Valley Stream",NY,2018-03-20,1,639.99,"Electra Townie Original 3i EQ Ladies' - 2018","Cruisers Bicycles","Baldwin Bikes","Venita Daniel"
1456,"Hue May","Valley Stream",NY,2018-03-20,2,319.98,"Trek Kickster - 2018","Children Bicycles","Baldwin Bikes","Venita Daniel"
1456,"Hue May","Valley Stream",NY,2018-03-20,1,289.99,"Trek Precaliber 20 6-speed Boy's - 2018","Children Bicycles","Baldwin Bikes","Venita Daniel"
1456,"Hue May","Valley Stream",NY,2018-03-20,1,469.99,"Surly Big Fat Dummy Frameset - 2018","Mountain Bikes","Baldwin Bikes","Venita Daniel"
1457,"Shanda Stevenson",Freeport,NY,2018-03-20,1,489.99,"Trek Marlin 5 - 2018","Mountain Bikes","Baldwin Bikes","Marcelene Boyer"
1457,"Shanda Stevenson",Freeport,NY,2018-03-20,1,470.99,"Sun Bicycles Drifter 7 - Women's - 2017","Comfort Bicycles","Baldwin Bikes","Marcelene Boyer"
1457,"Shanda Stevenson",Freeport,NY,2018-03-20,1,159.99,"Trek Kickster - 2018","Children Bicycles","Baldwin Bikes","Marcelene Boyer"
1457,"Shanda Stevenson",Freeport,NY,2018-03-20,2,4999.98,"Trek Domane SL 5 Disc Women's - 2018","Road Bikes","Baldwin Bikes","Marcelene Boyer"
1459,"Genoveva Baldwin","Port Washington",NY,2018-03-21,1,1259.90,"Electra Amsterdam Royal 8i - 2017/2018","Cruisers Bicycles","Baldwin Bikes","Venita Daniel"
1460,"Desmond Rose","Mount Vernon",NY,2018-03-21,1,4499.99,"Trek Powerfly 5 FS - 2018","Electric Bikes","Baldwin Bikes","Venita Daniel"
1460,"Desmond Rose","Mount Vernon",NY,2018-03-21,1,299.99,"Electra Girl's Hawaii 1 16" - 2017","Cruisers Bicycles","Baldwin Bikes","Venita Daniel"
1460,"Desmond Rose","Mount Vernon",NY,2018-03-21,1,749.99,"Surly ECR Frameset - 2018","Road Bikes","Baldwin Bikes","Venita Daniel"
1460,"Desmond Rose","Mount Vernon",NY,2018-03-21,2,7999.98,"Trek Slash 8 27.5 - 2016","Mountain Bikes","Baldwin Bikes","Venita Daniel"
1460,"Desmond Rose","Mount Vernon",NY,2018-03-21,2,1999.98,"Trek Farley Carbon Frameset - 2018","Mountain Bikes","Baldwin Bikes","Venita Daniel"
1461,"Wanita Davenport","Spring Valley",NY,2018-03-22,1,1499.99,"Trek Emonda S 4 - 2017","Road Bikes","Baldwin Bikes","Marcelene Boyer"
1461,"Wanita Davenport","Spring Valley",NY,2018-03-22,2,1399.98,"Electra Townie Commute 8D Ladies' - 2018","Cruisers Bicycles","Baldwin Bikes","Marcelene Boyer"
1462,"Louise Flowers",Depew,NY,2018-03-22,1,89.99,"Strider Classic 12 Balance Bike - 2018","Children Bicycles","Baldwin Bikes","Marcelene Boyer"
1462,"Louise Flowers",Depew,NY,2018-03-22,1,499.99,"Electra Townie Original 7D - 2015/2016","Comfort Bicycles","Baldwin Bikes","Marcelene Boyer"
1462,"Louise Flowers",Depew,NY,2018-03-22,1,529.99,"Electra Cruiser Lux 3i - 2018","Cruisers Bicycles","Baldwin Bikes","Marcelene Boyer"
1462,"Louise Flowers",Depew,NY,2018-03-22,1,369.99,"Electra Tiger Shark 3i (20-inch) - Boys' - 2018","Children Bicycles","Baldwin Bikes","Marcelene Boyer"
1462,"Louise Flowers",Depew,NY,2018-03-22,1,2999.99,"Electra Townie Commute Go! - 2018","Cruisers Bicycles","Baldwin Bikes","Marcelene Boyer"
1463,"Dorothea Chang",Astoria,NY,2018-03-23,2,12999.98,"Trek Silque SLR 8 Women's - 2017","Road Bikes","Baldwin Bikes","Venita Daniel"
1463,"Dorothea Chang",Astoria,NY,2018-03-23,1,1549.00,"Surly Straggler - 2018","Road Bikes","Baldwin Bikes","Venita Daniel"
1464,"Stan Saunders",Canandaigua,NY,2018-03-24,2,833.98,"Sun Bicycles Cruz 7 - Women's - 2017","Comfort Bicycles","Baldwin Bikes","Venita Daniel"
1464,"Stan Saunders",Canandaigua,NY,2018-03-24,1,1499.00,"Surly Krampus - 2018","Mountain Bikes","Baldwin Bikes","Venita Daniel"
1464,"Stan Saunders",Canandaigua,NY,2018-03-24,2,4999.98,"Trek 1120 - 2018","Road Bikes","Baldwin Bikes","Venita Daniel"
1464,"Stan Saunders",Canandaigua,NY,2018-03-24,2,3099.98,"Trek Domane ALR 4 Disc Women's - 2018","Road Bikes","Baldwin Bikes","Venita Daniel"
1465,"Cayla Johnson",Coram,NY,2018-03-25,2,1319.98,"Electra Amsterdam Original 3i - 2015/2017","Cruisers Bicycles","Baldwin Bikes","Venita Daniel"
1467,"Katherina Odom",Plainview,NY,2018-03-26,1,449.00,"Pure Cycles Western 3-Speed - Women's - 2015/2016","Cruisers Bicycles","Baldwin Bikes","Venita Daniel"
1467,"Katherina Odom",Plainview,NY,2018-03-26,1,3199.99,"Trek Fuel EX 8 29 - 2018","Mountain Bikes","Baldwin Bikes","Venita Daniel"
1467,"Katherina Odom",Plainview,NY,2018-03-26,2,739.98,"Trek Precaliber 24 21-speed Girl's - 2018","Children Bicycles","Baldwin Bikes","Venita Daniel"
1470,"Wilda Petersen",Jamaica,NY,2018-03-28,2,941.98,"Sun Bicycles Drifter 7 - 2017","Comfort Bicycles","Baldwin Bikes","Venita Daniel"
1470,"Wilda Petersen",Jamaica,NY,2018-03-28,1,279.99,"Electra Straight 8 1 (16-inch) - Boy's - 2018","Children Bicycles","Baldwin Bikes","Venita Daniel"
1470,"Wilda Petersen",Jamaica,NY,2018-03-28,2,5999.98,"Electra Townie Commute Go! Ladies' - 2018","Cruisers Bicycles","Baldwin Bikes","Venita Daniel"
1471,"Emanuel Mckee",Schenectady,NY,2018-03-28,2,5199.98,"Trek Domane S 5 Disc - 2017","Road Bikes","Baldwin Bikes","Venita Daniel"
1471,"Emanuel Mckee",Schenectady,NY,2018-03-28,1,1799.99,"Trek Procaliber 6 - 2018","Mountain Bikes","Baldwin Bikes","Venita Daniel"
1472,"Thalia Horne",Amityville,NY,2018-03-29,1,109.99,"Sun Bicycles Lil Kitt'n - 2017","Children Bicycles","Baldwin Bikes","Marcelene Boyer"
1472,"Thalia Horne",Amityville,NY,2018-03-29,1,799.99,"Electra Townie Balloon 3i EQ Ladies' - 2018","Comfort Bicycles","Baldwin Bikes","Marcelene Boyer"
1475,"Yuk Vega","West Hempstead",NY,2018-03-30,2,1799.98,"Electra Townie Balloon 7i EQ Ladies' - 2017/2018","Comfort Bicycles","Baldwin Bikes","Marcelene Boyer"
1475,"Yuk Vega","West Hempstead",NY,2018-03-30,2,1799.98,"Electra Townie Balloon 7i EQ - 2018","Cruisers Bicycles","Baldwin Bikes","Marcelene Boyer"
1475,"Yuk Vega","West Hempstead",NY,2018-03-30,2,3798.00,"Surly ECR - 2018","Road Bikes","Baldwin Bikes","Marcelene Boyer"
1475,"Yuk Vega","West Hempstead",NY,2018-03-30,2,1199.98,"Electra Townie Original 7D EQ Ladies' - 2017/2018","Cruisers Bicycles","Baldwin Bikes","Marcelene Boyer"
1476,"Guillermina Noble",Baldwinsville,NY,2018-03-31,2,6399.98,"Trek Fuel EX 8 29 XT - 2018","Mountain Bikes","Baldwin Bikes","Venita Daniel"
1476,"Guillermina Noble",Baldwinsville,NY,2018-03-31,2,699.98,"Trek Precaliber 24 (21-Speed) - Girls - 2017","Children Bicycles","Baldwin Bikes","Venita Daniel"
1476,"Guillermina Noble",Baldwinsville,NY,2018-03-31,1,5299.99,"Trek Fuel EX 9.8 27.5 Plus - 2017","Mountain Bikes","Baldwin Bikes","Venita Daniel"
1476,"Guillermina Noble",Baldwinsville,NY,2018-03-31,1,2799.99,"Electra Loft Go! 8i - 2018","Electric Bikes","Baldwin Bikes","Venita Daniel"
1476,"Guillermina Noble",Baldwinsville,NY,2018-03-31,2,579.98,"Strider Strider 20 Sport - 2018","Children Bicycles","Baldwin Bikes","Venita Daniel"
1477,"Karey Steele",Farmingdale,NY,2018-03-31,2,3098.00,"Surly Straggler - 2018","Cyclocross Bicycles","Baldwin Bikes","Marcelene Boyer"
1478,"Cyndi Bush",Elmhurst,NY,2018-03-31,2,979.98,"Electra Townie 3i EQ (20-inch) - Boys' - 2017","Children Bicycles","Baldwin Bikes","Marcelene Boyer"
1478,"Cyndi Bush",Elmhurst,NY,2018-03-31,1,999.99,"Trek Farley Carbon Frameset - 2018","Mountain Bikes","Baldwin Bikes","Marcelene Boyer"
1479,"Kaylee English",Hollis,NY,2018-04-01,1,2999.99,"Electra Townie Commute Go! Ladies' - 2018","Cruisers Bicycles","Baldwin Bikes","Venita Daniel"
1479,"Kaylee English",Hollis,NY,2018-04-01,1,899.99,"Electra Townie Commute 27D - 2018","Cruisers Bicycles","Baldwin Bikes","Venita Daniel"
1480,"Santos Valencia",Sunnyside,NY,2018-04-01,2,1499.98,"Electra Townie Balloon 8D EQ Ladies' - 2016/2017/2018","Comfort Bicycles","Baldwin Bikes","Venita Daniel"
1480,"Santos Valencia",Sunnyside,NY,2018-04-01,2,1319.98,"Electra Amsterdam Original 3i Ladies' - 2017","Cruisers Bicycles","Baldwin Bikes","Venita Daniel"
1480,"Santos Valencia",Sunnyside,NY,2018-04-01,2,419.98,"Haro Shredder 20 - 2017","Children Bicycles","Baldwin Bikes","Venita Daniel"
1480,"Santos Valencia",Sunnyside,NY,2018-04-01,2,1919.98,"Electra Delivery 3i - 2016/2017/2018","Cruisers Bicycles","Baldwin Bikes","Venita Daniel"
1481,"Alica Hunter","East Elmhurst",NY,2018-04-01,2,1499.98,"Surly Ogre Frameset - 2017","Road Bikes","Baldwin Bikes","Marcelene Boyer"
1481,"Alica Hunter","East Elmhurst",NY,2018-04-01,1,919.99,"Trek Stache Carbon Frameset - 2018","Mountain Bikes","Baldwin Bikes","Marcelene Boyer"
1482,"Sharyn Hopkins",Baldwinsville,NY,2018-04-01,1,1499.99,"Trek Emonda S 4 - 2017","Road Bikes","Baldwin Bikes","Venita Daniel"
1482,"Sharyn Hopkins",Baldwinsville,NY,2018-04-01,1,489.99,"Trek Marlin 5 - 2018","Mountain Bikes","Baldwin Bikes","Venita Daniel"
1482,"Sharyn Hopkins",Baldwinsville,NY,2018-04-01,2,9999.98,"Trek Madone 9.2 - 2017","Road Bikes","Baldwin Bikes","Venita Daniel"
1482,"Sharyn Hopkins",Baldwinsville,NY,2018-04-01,1,4999.99,"Trek Fuel EX 9.8 29 - 2017","Mountain Bikes","Baldwin Bikes","Venita Daniel"
1482,"Sharyn Hopkins",Baldwinsville,NY,2018-04-01,2,9999.98,"Trek Super Commuter+ 8S - 2018","Electric Bikes","Baldwin Bikes","Venita Daniel"
1483,"Linnie Branch",Plattsburgh,NY,2018-04-02,1,489.99,"Trek Superfly 24 - 2017/2018","Children Bicycles","Baldwin Bikes","Venita Daniel"
1483,"Linnie Branch",Plattsburgh,NY,2018-04-02,2,1359.98,"Electra Townie Original 21D EQ - 2017/2018","Cruisers Bicycles","Baldwin Bikes","Venita Daniel"
1484,"Guillermina Noble",Baldwinsville,NY,2018-04-02,2,639.98,"Electra Treasure 1 20" - 2018","Children Bicycles","Baldwin Bikes","Marcelene Boyer"
1484,"Guillermina Noble",Baldwinsville,NY,2018-04-02,2,6999.98,"Trek Domane SL 6 - 2017","Road Bikes","Baldwin Bikes","Marcelene Boyer"
1484,"Guillermina Noble",Baldwinsville,NY,2018-04-02,2,1359.98,"Electra Townie Original 21D EQ - 2017/2018","Comfort Bicycles","Baldwin Bikes","Marcelene Boyer"
1485,"Gertrud Rhodes",Merrick,NY,2018-04-02,2,4999.98,"Surly Troll Frameset - 2018","Mountain Bikes","Baldwin Bikes","Venita Daniel"
1485,"Gertrud Rhodes",Merrick,NY,2018-04-02,1,319.99,"Trek Precaliber 24 (7-Speed) - Boys - 2018","Children Bicycles","Baldwin Bikes","Venita Daniel"
1486,"Armand Whitehead",Lindenhurst,NY,2018-04-02,2,3119.98,"Sun Bicycles ElectroLite - 2017","Electric Bikes","Baldwin Bikes","Venita Daniel"
1486,"Armand Whitehead",Lindenhurst,NY,2018-04-02,1,489.99,"Electra Straight 8 3i (20-inch) - Boy's - 2017","Children Bicycles","Baldwin Bikes","Venita Daniel"
1486,"Armand Whitehead",Lindenhurst,NY,2018-04-02,1,489.99,"Trek Marlin 5 - 2018","Mountain Bikes","Baldwin Bikes","Venita Daniel"
1486,"Armand Whitehead",Lindenhurst,NY,2018-04-02,1,199.99,"Trek Precaliber 12 Boy's - 2018","Children Bicycles","Baldwin Bikes","Venita Daniel"
1492,"Kathie Freeman",Queensbury,NY,2018-04-04,2,759.98,"Haro Flightline One ST - 2017","Mountain Bikes","Baldwin Bikes","Venita Daniel"
1495,"Lissa Vargas",Oswego,NY,2018-04-05,2,739.98,"Electra Sweet Ride 3i (20-inch) - Girls' - 2018","Children Bicycles","Baldwin Bikes","Venita Daniel"
1495,"Lissa Vargas",Oswego,NY,2018-04-05,2,1499.98,"Electra Townie Balloon 8D EQ Ladies' - 2016/2017/2018","Comfort Bicycles","Baldwin Bikes","Venita Daniel"
1495,"Lissa Vargas",Oswego,NY,2018-04-05,1,2599.00,"Heller Shagamaw GX1 - 2018","Mountain Bikes","Baldwin Bikes","Venita Daniel"
1501,"Tu Ramirez","East Elmhurst",NY,2018-04-06,1,599.99,"Electra Townie Original 7D EQ Ladies' - 2017/2018","Cruisers Bicycles","Baldwin Bikes","Marcelene Boyer"
1501,"Tu Ramirez","East Elmhurst",NY,2018-04-06,1,639.99,"Electra Moto 3i - 2018","Cruisers Bicycles","Baldwin Bikes","Marcelene Boyer"
1501,"Tu Ramirez","East Elmhurst",NY,2018-04-06,1,529.99,"Electra Moto 1 - 2016","Cruisers Bicycles","Baldwin Bikes","Marcelene Boyer"
1501,"Tu Ramirez","East Elmhurst",NY,2018-04-06,1,250.99,"Sun Bicycles Revolutions 24 - Girl's - 2017","Cruisers Bicycles","Baldwin Bikes","Marcelene Boyer"
1501,"Tu Ramirez","East Elmhurst",NY,2018-04-06,1,1549.00,"Surly Straggler - 2018","Cyclocross Bicycles","Baldwin Bikes","Marcelene Boyer"
1502,"Tiesha Daniel",Scarsdale,NY,2018-04-06,2,1059.98,"Electra Cruiser Lux 3i Ladies' - 2018","Cruisers Bicycles","Baldwin Bikes","Marcelene Boyer"
1502,"Tiesha Daniel",Scarsdale,NY,2018-04-06,2,898.00,"Pure Cycles William 3-Speed - 2016","Cruisers Bicycles","Baldwin Bikes","Marcelene Boyer"
1502,"Tiesha Daniel",Scarsdale,NY,2018-04-06,2,1199.98,"Electra Townie Original 7D EQ - 2016","Comfort Bicycles","Baldwin Bikes","Marcelene Boyer"
1502,"Tiesha Daniel",Scarsdale,NY,2018-04-06,1,159.99,"Trek Kickster - 2018","Children Bicycles","Baldwin Bikes","Marcelene Boyer"
1502,"Tiesha Daniel",Scarsdale,NY,2018-04-06,1,899.99,"Electra Townie Balloon 7i EQ Ladies' - 2017/2018","Cruisers Bicycles","Baldwin Bikes","Marcelene Boyer"
1505,"Adelle Larsen","East Northport",NY,2018-04-08,2,1059.98,"Electra Cruiser Lux 3i - 2018","Cruisers Bicycles","Baldwin Bikes","Venita Daniel"
1505,"Adelle Larsen","East Northport",NY,2018-04-08,2,1099.98,"Electra Townie Original 21D - 2016","Comfort Bicycles","Baldwin Bikes","Venita Daniel"
1505,"Adelle Larsen","East Northport",NY,2018-04-08,2,10599.98,"Trek Fuel EX 9.8 27.5 Plus - 2017","Mountain Bikes","Baldwin Bikes","Venita Daniel"
1506,"Abby Gamble",Amityville,NY,2018-04-08,1,3499.99,"Trek Domane SL 6 Disc - 2018","Road Bikes","Baldwin Bikes","Venita Daniel"
1506,"Abby Gamble",Amityville,NY,2018-04-08,2,9999.98,"Trek Domane SL 7 Women's - 2018","Road Bikes","Baldwin Bikes","Venita Daniel"
1506,"Abby Gamble",Amityville,NY,2018-04-08,2,14999.98,"Trek Domane SLR 8 Disc - 2018","Road Bikes","Baldwin Bikes","Venita Daniel"
1507,"Teofila Fischer","Huntington Station",NY,2018-04-08,2,2999.98,"Trek Stache 5 - 2017","Mountain Bikes","Baldwin Bikes","Marcelene Boyer"
1507,"Teofila Fischer","Huntington Station",NY,2018-04-08,2,3361.98,"Surly Straggler 650b - 2016","Cyclocross Bicycles","Baldwin Bikes","Marcelene Boyer"
1507,"Teofila Fischer","Huntington Station",NY,2018-04-08,1,1199.99,"Electra Amsterdam Royal 8i Ladies - 2018","Cruisers Bicycles","Baldwin Bikes","Marcelene Boyer"
1507,"Teofila Fischer","Huntington Station",NY,2018-04-08,1,319.99,"Electra Cruiser 7D (24-Inch) Ladies' - 2016/2018","Children Bicycles","Baldwin Bikes","Marcelene Boyer"
1507,"Teofila Fischer","Huntington Station",NY,2018-04-08,2,639.98,"Electra Tiger Shark 1 (20-inch) - Boys' - 2018","Children Bicycles","Baldwin Bikes","Marcelene Boyer"
1508,"Tena Cruz",Farmingdale,NY,2018-04-08,1,379.99,"Haro Flightline One ST - 2017","Mountain Bikes","Baldwin Bikes","Marcelene Boyer"
1508,"Tena Cruz",Farmingdale,NY,2018-04-08,1,416.99,"Sun Bicycles Cruz 7 - Women's - 2017","Comfort Bicycles","Baldwin Bikes","Marcelene Boyer"
1508,"Tena Cruz",Farmingdale,NY,2018-04-08,2,1751.98,"Surly Steamroller - 2017","Road Bikes","Baldwin Bikes","Marcelene Boyer"
1508,"Tena Cruz",Farmingdale,NY,2018-04-08,1,189.99,"Trek Precaliber 12 Girls - 2017","Children Bicycles","Baldwin Bikes","Marcelene Boyer"
1510,"Emmitt Sanchez","New York",NY,2018-04-09,2,6399.98,"Trek Fuel EX 8 29 XT - 2018","Mountain Bikes","Baldwin Bikes","Marcelene Boyer"
1510,"Emmitt Sanchez","New York",NY,2018-04-09,1,449.99,"Sun Bicycles Cruz 3 - 2017","Cruisers Bicycles","Baldwin Bikes","Marcelene Boyer"
1510,"Emmitt Sanchez","New York",NY,2018-04-09,2,5999.98,"Electra Townie Commute Go! - 2018","Cruisers Bicycles","Baldwin Bikes","Marcelene Boyer"
1510,"Emmitt Sanchez","New York",NY,2018-04-09,2,539.98,"Electra Cruiser 1 Ladies' - 2018","Cruisers Bicycles","Baldwin Bikes","Marcelene Boyer"
1510,"Emmitt Sanchez","New York",NY,2018-04-09,1,2599.00,"Heller Shagamaw GX1 - 2018","Mountain Bikes","Baldwin Bikes","Marcelene Boyer"
1511,"Regenia Vaughan",Mahopac,NY,2018-04-09,2,3099.98,"Trek Domane ALR 4 Disc - 2018","Road Bikes","Baldwin Bikes","Marcelene Boyer"
1511,"Regenia Vaughan",Mahopac,NY,2018-04-09,1,389.99,"Electra Straight 8 1 (20-inch) - Boy's - 2018","Children Bicycles","Baldwin Bikes","Marcelene Boyer"
1511,"Regenia Vaughan",Mahopac,NY,2018-04-09,2,858.00,"Pure Cycles Vine 8-Speed - 2016","Cruisers Bicycles","Baldwin Bikes","Marcelene Boyer"
1511,"Regenia Vaughan",Mahopac,NY,2018-04-09,1,1469.99,"Haro Shift R3 - 2017","Mountain Bikes","Baldwin Bikes","Marcelene Boyer"
1511,"Regenia Vaughan",Mahopac,NY,2018-04-09,2,2998.00,"Surly Krampus - 2018","Mountain Bikes","Baldwin Bikes","Marcelene Boyer"
1519,"Theo Reese","Long Beach",NY,2018-04-11,1,4499.99,"Trek Emonda SL 7 - 2018","Road Bikes","Baldwin Bikes","Venita Daniel"
1519,"Theo Reese","Long Beach",NY,2018-04-11,2,659.98,"Haro Downtown 16 - 2017","Children Bicycles","Baldwin Bikes","Venita Daniel"
1519,"Theo Reese","Long Beach",NY,2018-04-11,2,2998.00,"Surly Krampus - 2018","Mountain Bikes","Baldwin Bikes","Venita Daniel"
1519,"Theo Reese","Long Beach",NY,2018-04-11,1,346.99,"Sun Bicycles Lil Bolt Type-R - 2017","Cruisers Bicycles","Baldwin Bikes","Venita Daniel"
1519,"Theo Reese","Long Beach",NY,2018-04-11,2,579.98,"Strider Strider 20 Sport - 2018","Children Bicycles","Baldwin Bikes","Venita Daniel"
1523,"Jacquline Duncan","Jackson Heights",NY,2018-04-12,2,1499.98,"Electra Townie Commute 8D - 2018","Comfort Bicycles","Baldwin Bikes","Venita Daniel"
1524,"Melia Brady",Maspeth,NY,2018-04-12,1,1549.00,"Surly Straggler - 2018","Road Bikes","Baldwin Bikes","Marcelene Boyer"
1524,"Melia Brady",Maspeth,NY,2018-04-12,2,639.98,"Electra Treasure 1 20" - 2018","Children Bicycles","Baldwin Bikes","Marcelene Boyer"
1524,"Melia Brady",Maspeth,NY,2018-04-12,1,449.99,"Electra Townie Original 1 Ladies' - 2018","Comfort Bicycles","Baldwin Bikes","Marcelene Boyer"
1524,"Melia Brady",Maspeth,NY,2018-04-12,2,5999.98,"Electra Townie Commute Go! Ladies' - 2018","Cruisers Bicycles","Baldwin Bikes","Marcelene Boyer"
1525,"Zelma Browning",Astoria,NY,2018-04-12,1,6499.99,"Trek Domane SL Frameset - 2018","Road Bikes","Baldwin Bikes","Venita Daniel"
1525,"Zelma Browning",Astoria,NY,2018-04-12,2,2698.00,"Surly Pack Rat - 2018","Road Bikes","Baldwin Bikes","Venita Daniel"
1525,"Zelma Browning",Astoria,NY,2018-04-12,1,2799.99,"Trek Lift+ - 2018","Electric Bikes","Baldwin Bikes","Venita Daniel"
1526,"Latasha Stanley","Rockville Centre",NY,2018-04-12,1,1549.99,"Trek Domane ALR 4 Disc Women's - 2018","Road Bikes","Baldwin Bikes","Venita Daniel"
1526,"Latasha Stanley","Rockville Centre",NY,2018-04-12,1,5499.99,"Trek Domane SLR 6 Disc - 2017","Road Bikes","Baldwin Bikes","Venita Daniel"
1526,"Latasha Stanley","Rockville Centre",NY,2018-04-12,1,749.99,"Electra Townie Balloon 8D EQ - 2016/2017/2018","Cruisers Bicycles","Baldwin Bikes","Venita Daniel"
1526,"Latasha Stanley","Rockville Centre",NY,2018-04-12,1,679.99,"Electra Townie Original 21D EQ Ladies' - 2018","Cruisers Bicycles","Baldwin Bikes","Venita Daniel"
1532,"Latasha Hays",Buffalo,NY,2018-04-13,2,5999.98,"Trek Crockett 7 Disc - 2018","Cyclocross Bicycles","Baldwin Bikes","Venita Daniel"
1533,"Jeanice Frost",Ossining,NY,2018-04-13,2,459.98,"Trek Precaliber 20 Boy's - 2018","Children Bicycles","Baldwin Bikes","Marcelene Boyer"
1533,"Jeanice Frost",Ossining,NY,2018-04-13,1,647.99,"Sun Bicycles Biscayne Tandem CB - 2017","Cruisers Bicycles","Baldwin Bikes","Marcelene Boyer"
1533,"Jeanice Frost",Ossining,NY,2018-04-13,1,349.99,"Electra Moto 3i (20-inch) - Boy's - 2017","Children Bicycles","Baldwin Bikes","Marcelene Boyer"
1533,"Jeanice Frost",Ossining,NY,2018-04-13,2,1799.98,"Electra Koa 3i Ladies' - 2018","Cruisers Bicycles","Baldwin Bikes","Marcelene Boyer"
1533,"Jeanice Frost",Ossining,NY,2018-04-13,1,6499.99,"Trek Silque SLR 8 Women's - 2017","Road Bikes","Baldwin Bikes","Marcelene Boyer"
1534,"Georgetta Hardin",Canandaigua,NY,2018-04-14,1,3499.99,"Trek XM700+ - 2018","Electric Bikes","Baldwin Bikes","Venita Daniel"
1534,"Georgetta Hardin",Canandaigua,NY,2018-04-14,1,1469.99,"Trek Ticket S Frame - 2018","Mountain Bikes","Baldwin Bikes","Venita Daniel"
1534,"Georgetta Hardin",Canandaigua,NY,2018-04-14,2,399.98,"Trek Precaliber 12 Boy's - 2018","Children Bicycles","Baldwin Bikes","Venita Daniel"
1534,"Georgetta Hardin",Canandaigua,NY,2018-04-14,2,6399.98,"Trek Domane ALR Disc Frameset - 2018","Road Bikes","Baldwin Bikes","Venita Daniel"
1535,"Lizzette Stein","Orchard Park",NY,2018-04-14,1,209.99,"Haro Shredder 20 - 2017","Children Bicycles","Baldwin Bikes","Venita Daniel"
1535,"Lizzette Stein","Orchard Park",NY,2018-04-14,2,1199.98,"Electra Cruiser Lux Fat Tire 1 Ladies - 2017","Cruisers Bicycles","Baldwin Bikes","Venita Daniel"
1536,"Brittney Woodward","East Northport",NY,2018-04-14,1,2199.99,"Trek Domane SL 5 Women's - 2018","Road Bikes","Baldwin Bikes","Venita Daniel"
1536,"Brittney Woodward","East Northport",NY,2018-04-14,2,5599.98,"Trek Conduit+ - 2018","Electric Bikes","Baldwin Bikes","Venita Daniel"
1536,"Brittney Woodward","East Northport",NY,2018-04-14,2,4599.98,"Trek Verve+ - 2018","Electric Bikes","Baldwin Bikes","Venita Daniel"
1537,"Bernita Mcdaniel",Liverpool,NY,2018-04-15,2,1699.98,"Electra Relic 3i - 2018","Cruisers Bicycles","Baldwin Bikes","Marcelene Boyer"
1538,"Ashanti Parks",Baldwin,NY,2018-04-15,1,3299.99,"Trek Boone 5 Disc - 2018","Cyclocross Bicycles","Baldwin Bikes","Marcelene Boyer"
1538,"Ashanti Parks",Baldwin,NY,2018-04-15,2,2819.98,"Haro SR 1.3 - 2017","Mountain Bikes","Baldwin Bikes","Marcelene Boyer"
1538,"Ashanti Parks",Baldwin,NY,2018-04-15,1,1469.99,"Trek Ticket S Frame - 2018","Mountain Bikes","Baldwin Bikes","Marcelene Boyer"
1538,"Ashanti Parks",Baldwin,NY,2018-04-15,1,2299.99,"Trek Verve+ Lowstep - 2018","Electric Bikes","Baldwin Bikes","Marcelene Boyer"
1538,"Ashanti Parks",Baldwin,NY,2018-04-15,2,1799.98,"Electra Townie Balloon 7i EQ Ladies' - 2017/2018","Comfort Bicycles","Baldwin Bikes","Marcelene Boyer"
1541,"Pamelia Newman",Monroe,NY,2018-04-16,2,23999.98,"Trek Domane SLR 9 Disc - 2018","Road Bikes","Baldwin Bikes","Venita Daniel"
1541,"Pamelia Newman",Monroe,NY,2018-04-16,2,1199.98,"Electra Townie Original 7D EQ Ladies' - 2017/2018","Cruisers Bicycles","Baldwin Bikes","Venita Daniel"
1541,"Pamelia Newman",Monroe,NY,2018-04-16,2,6399.98,"Trek Fuel EX 8 29 XT - 2018","Mountain Bikes","Baldwin Bikes","Venita Daniel"
1541,"Pamelia Newman",Monroe,NY,2018-04-16,1,429.00,"Pure Cycles Vine 8-Speed - 2016","Cruisers Bicycles","Baldwin Bikes","Venita Daniel"
1541,"Pamelia Newman",Monroe,NY,2018-04-16,2,299.98,"Trek Girl's Kickster - 2017","Children Bicycles","Baldwin Bikes","Venita Daniel"
1542,"Damien Dorsey","Central Islip",NY,2018-04-16,1,402.99,"Sun Bicycles Boardwalk (24-inch Wheels) - 2017","Cruisers Bicycles","Baldwin Bikes","Marcelene Boyer"
1542,"Damien Dorsey","Central Islip",NY,2018-04-16,2,4999.98,"Surly Troll Frameset - 2018","Mountain Bikes","Baldwin Bikes","Marcelene Boyer"
1542,"Damien Dorsey","Central Islip",NY,2018-04-16,2,6999.98,"Trek Domane SL 6 Disc - 2018","Road Bikes","Baldwin Bikes","Marcelene Boyer"
1542,"Damien Dorsey","Central Islip",NY,2018-04-16,2,759.98,"Haro Flightline One ST - 2017","Mountain Bikes","Baldwin Bikes","Marcelene Boyer"
1542,"Damien Dorsey","Central Islip",NY,2018-04-16,1,279.99,"Electra Under-The-Sea 1 16" - 2018","Children Bicycles","Baldwin Bikes","Marcelene Boyer"
1543,"Parker Prince","Port Jefferson Station",NY,2018-04-16,2,899.98,"Sun Bicycles Cruz 3 - Women's - 2017","Comfort Bicycles","Baldwin Bikes","Marcelene Boyer"
1543,"Parker Prince","Port Jefferson Station",NY,2018-04-16,1,209.99,"Haro Shredder 20 Girls - 2017","Children Bicycles","Baldwin Bikes","Marcelene Boyer"
1543,"Parker Prince","Port Jefferson Station",NY,2018-04-16,2,1919.98,"Trek CrossRip 1 - 2018","Road Bikes","Baldwin Bikes","Marcelene Boyer"
1543,"Parker Prince","Port Jefferson Station",NY,2018-04-16,2,699.98,"Electra Savannah 3i (20-inch) - Girl's - 2017","Children Bicycles","Baldwin Bikes","Marcelene Boyer"
1543,"Parker Prince","Port Jefferson Station",NY,2018-04-16,1,1799.99,"Trek Procaliber 6 - 2018","Mountain Bikes","Baldwin Bikes","Marcelene Boyer"
1549,"Caren Stephens",Scarsdale,NY,2018-04-17,1,959.99,"Trek CrossRip 1 - 2018","Road Bikes","Baldwin Bikes","Venita Daniel"
1549,"Caren Stephens",Scarsdale,NY,2018-04-17,1,469.99,"Trek Kids' Neko - 2018","Mountain Bikes","Baldwin Bikes","Venita Daniel"
1549,"Caren Stephens",Scarsdale,NY,2018-04-17,2,1499.98,"Electra White Water 3i - 2018","Cruisers Bicycles","Baldwin Bikes","Venita Daniel"
1549,"Caren Stephens",Scarsdale,NY,2018-04-17,2,1399.98,"Electra Townie Commute 8D Ladies' - 2018","Cruisers Bicycles","Baldwin Bikes","Venita Daniel"
1550,"Janetta Aguirre",Lancaster,NY,2018-04-17,2,1119.98,"Electra Townie Original 21D Ladies' - 2018","Comfort Bicycles","Baldwin Bikes","Marcelene Boyer"
1550,"Janetta Aguirre",Lancaster,NY,2018-04-17,1,659.99,"Electra Townie Original 3i EQ - 2017/2018","Cruisers Bicycles","Baldwin Bikes","Marcelene Boyer"
1550,"Janetta Aguirre",Lancaster,NY,2018-04-17,2,5599.98,"Trek Conduit+ - 2018","Electric Bikes","Baldwin Bikes","Marcelene Boyer"
1550,"Janetta Aguirre",Lancaster,NY,2018-04-17,1,5499.99,"Trek Domane SL 8 Disc - 2018","Road Bikes","Baldwin Bikes","Marcelene Boyer"
1550,"Janetta Aguirre",Lancaster,NY,2018-04-17,2,299.98,"Trek Girl's Kickster - 2017","Children Bicycles","Baldwin Bikes","Marcelene Boyer"
1551,"Tomasa Carson","East Elmhurst",NY,2018-04-17,2,7999.98,"Trek Boone 7 Disc - 2018","Cyclocross Bicycles","Baldwin Bikes","Venita Daniel"
1552,"Melanie Hayes",Liverpool,NY,2018-04-17,1,2299.99,"Trek Verve+ Lowstep - 2018","Electric Bikes","Baldwin Bikes","Venita Daniel"
1552,"Melanie Hayes",Liverpool,NY,2018-04-17,2,2939.98,"Haro Shift R3 - 2017","Mountain Bikes","Baldwin Bikes","Venita Daniel"
1555,"Debra Burks","Orchard Park",NY,2018-04-18,2,1099.98,"Electra Townie Original 21D - 2016","Comfort Bicycles","Baldwin Bikes","Venita Daniel"
1555,"Debra Burks","Orchard Park",NY,2018-04-18,1,6499.99,"Trek Domane SL Frameset - 2018","Road Bikes","Baldwin Bikes","Venita Daniel"
1555,"Debra Burks","Orchard Park",NY,2018-04-18,1,469.99,"Surly Big Fat Dummy Frameset - 2018","Mountain Bikes","Baldwin Bikes","Venita Daniel"
1555,"Debra Burks","Orchard Park",NY,2018-04-18,2,3798.00,"Surly ECR 27.5 - 2018","Mountain Bikes","Baldwin Bikes","Venita Daniel"
1555,"Debra Burks","Orchard Park",NY,2018-04-18,1,3199.99,"Trek Domane SLR Disc Frameset - 2018","Road Bikes","Baldwin Bikes","Venita Daniel"
1556,"Daryl Spence",Uniondale,NY,2018-04-18,2,6999.98,"Trek Domane SL 6 - 2017","Road Bikes","Baldwin Bikes","Marcelene Boyer"
1556,"Daryl Spence",Uniondale,NY,2018-04-18,1,659.99,"Electra Amsterdam Original 3i Ladies' - 2017","Cruisers Bicycles","Baldwin Bikes","Marcelene Boyer"
1556,"Daryl Spence",Uniondale,NY,2018-04-18,1,289.99,"Strider Strider 20 Sport - 2018","Children Bicycles","Baldwin Bikes","Marcelene Boyer"
1556,"Daryl Spence",Uniondale,NY,2018-04-18,2,939.98,"Trek Kids' Neko - 2018","Mountain Bikes","Baldwin Bikes","Marcelene Boyer"
1556,"Daryl Spence",Uniondale,NY,2018-04-18,2,1799.98,"Electra Koa 3i Ladies' - 2018","Cruisers Bicycles","Baldwin Bikes","Marcelene Boyer"
1558,"Tenisha Lyons",Amityville,NY,2018-04-19,2,2819.98,"Haro SR 1.3 - 2017","Mountain Bikes","Baldwin Bikes","Marcelene Boyer"
1558,"Tenisha Lyons",Amityville,NY,2018-04-19,1,999.99,"Trek Farley Carbon Frameset - 2018","Mountain Bikes","Baldwin Bikes","Marcelene Boyer"
1558,"Tenisha Lyons",Amityville,NY,2018-04-19,1,2899.99,"Trek Fuel EX 8 29 - 2016","Mountain Bikes","Baldwin Bikes","Marcelene Boyer"
1558,"Tenisha Lyons",Amityville,NY,2018-04-19,1,2699.99,"Trek Domane S 6 - 2017","Road Bikes","Baldwin Bikes","Marcelene Boyer"
1558,"Tenisha Lyons",Amityville,NY,2018-04-19,1,2599.99,"Electra Townie Go! 8i Ladies' - 2018","Cruisers Bicycles","Baldwin Bikes","Marcelene Boyer"
1559,"Tangela Quinn","Richmond Hill",NY,2018-04-20,2,679.98,"Electra Townie 7D (20-inch) - Boys' - 2017","Children Bicycles","Baldwin Bikes","Marcelene Boyer"
1559,"Tangela Quinn","Richmond Hill",NY,2018-04-20,1,449.00,"Pure Cycles Western 3-Speed - Women's - 2015/2016","Cruisers Bicycles","Baldwin Bikes","Marcelene Boyer"
1559,"Tangela Quinn","Richmond Hill",NY,2018-04-20,2,6399.98,"Trek Domane SL Disc Frameset - 2017","Road Bikes","Baldwin Bikes","Marcelene Boyer"
1559,"Tangela Quinn","Richmond Hill",NY,2018-04-20,1,319.99,"Electra Cruiser 7D Ladies' - 2016/2018","Cruisers Bicycles","Baldwin Bikes","Marcelene Boyer"
1560,"Pamala Henry",Bronx,NY,2018-04-20,2,1999.98,"Trek X-Caliber 8 - 2018","Mountain Bikes","Baldwin Bikes","Venita Daniel"
1560,"Pamala Henry",Bronx,NY,2018-04-20,1,1469.99,"Haro Shift R3 - 2017","Mountain Bikes","Baldwin Bikes","Venita Daniel"
1561,"Kanesha Vega",Rome,NY,2018-04-20,2,4399.98,"Trek Domane SL 5 - 2018","Road Bikes","Baldwin Bikes","Venita Daniel"
1561,"Kanesha Vega",Rome,NY,2018-04-20,2,559.98,"Electra Under-The-Sea 1 16" - 2018","Children Bicycles","Baldwin Bikes","Venita Daniel"
1562,"Titus Bullock",Hollis,NY,2018-04-20,1,3199.99,"Trek Domane SL Disc Frameset - 2017","Road Bikes","Baldwin Bikes","Venita Daniel"
1562,"Titus Bullock",Hollis,NY,2018-04-20,1,250.99,"Sun Bicycles Revolutions 24 - 2017","Cruisers Bicycles","Baldwin Bikes","Venita Daniel"
1562,"Titus Bullock",Hollis,NY,2018-04-20,2,6399.98,"Trek Fuel EX 8 29 - 2018","Mountain Bikes","Baldwin Bikes","Venita Daniel"
1569,"Syreeta Hendricks",Mahopac,NY,2018-04-22,1,2999.99,"Electra Townie Commute Go! Ladies' - 2018","Cruisers Bicycles","Baldwin Bikes","Venita Daniel"
1570,"Fran Yang",Utica,NY,2018-04-22,1,11999.99,"Trek Domane SLR 9 Disc - 2018","Road Bikes","Baldwin Bikes","Venita Daniel"
1571,"Sarai Mckee",Buffalo,NY,2018-04-22,2,1399.98,"Electra Townie Commute 8D Ladies' - 2018","Comfort Bicycles","Baldwin Bikes","Venita Daniel"
1571,"Sarai Mckee",Buffalo,NY,2018-04-22,1,559.99,"Electra Townie Original 21D - 2018","Cruisers Bicycles","Baldwin Bikes","Venita Daniel"
1571,"Sarai Mckee",Buffalo,NY,2018-04-22,2,1199.98,"Electra Townie Original 7D EQ - Women's - 2016","Cruisers Bicycles","Baldwin Bikes","Venita Daniel"
1576,"Robby Sykes",Hempstead,NY,2018-04-23,1,416.99,"Sun Bicycles Cruz 7 - 2017","Cruisers Bicycles","Baldwin Bikes","Venita Daniel"
1576,"Robby Sykes",Hempstead,NY,2018-04-23,1,319.99,"Electra Tiger Shark 1 (20-inch) - Boys' - 2018","Children Bicycles","Baldwin Bikes","Venita Daniel"
1576,"Robby Sykes",Hempstead,NY,2018-04-23,2,6999.98,"Trek Powerfly 5 Women's - 2018","Electric Bikes","Baldwin Bikes","Venita Daniel"
1577,"Cesar Jackson",Liverpool,NY,2018-04-23,2,559.98,"Electra Water Lily 1 (16-inch) - Girl's - 2018","Children Bicycles","Baldwin Bikes","Venita Daniel"
1577,"Cesar Jackson",Liverpool,NY,2018-04-23,2,941.98,"Sun Bicycles Drifter 7 - Women's - 2017","Comfort Bicycles","Baldwin Bikes","Venita Daniel"
1577,"Cesar Jackson",Liverpool,NY,2018-04-23,2,1599.98,"Electra Townie Balloon 3i EQ Ladies' - 2018","Comfort Bicycles","Baldwin Bikes","Venita Daniel"
1577,"Cesar Jackson",Liverpool,NY,2018-04-23,2,5198.00,"Heller Bloodhound Trail - 2018","Mountain Bikes","Baldwin Bikes","Venita Daniel"
1577,"Cesar Jackson",Liverpool,NY,2018-04-23,2,559.98,"Electra Cyclosaurus 1 (16-inch) - Boy's - 2018","Children Bicycles","Baldwin Bikes","Venita Daniel"
1578,"Corrina Sawyer",Troy,NY,2018-04-23,2,7199.98,"Trek Super Commuter+ 7 - 2018","Electric Bikes","Baldwin Bikes","Venita Daniel"
1578,"Corrina Sawyer",Troy,NY,2018-04-23,1,899.99,"Electra Townie Commute 27D Ladies - 2018","Comfort Bicycles","Baldwin Bikes","Venita Daniel"
1578,"Corrina Sawyer",Troy,NY,2018-04-23,2,1499.98,"Electra Townie Commute 8D - 2018","Cruisers Bicycles","Baldwin Bikes","Venita Daniel"
1583,"Onita Johns",Elmont,NY,2018-04-25,1,529.99,"Electra Moto 1 - 2016","Cruisers Bicycles","Baldwin Bikes","Marcelene Boyer"
1583,"Onita Johns",Elmont,NY,2018-04-25,2,579.98,"Strider Strider 20 Sport - 2018","Children Bicycles","Baldwin Bikes","Marcelene Boyer"
1588,"Deshawn Mendoza",Monsey,NY,2018-04-26,2,419.98,"Haro Shredder 20 Girls - 2017","Children Bicycles","Baldwin Bikes","Marcelene Boyer"
1592,"Lyndsey Bean",Fairport,NY,2018-04-27,2,3098.00,"Surly Straggler 650b - 2018","Cyclocross Bicycles","Baldwin Bikes","Venita Daniel"
1592,"Lyndsey Bean",Fairport,NY,2018-04-27,1,2299.99,"Trek Emonda ALR 6 - 2018","Road Bikes","Baldwin Bikes","Venita Daniel"
1592,"Lyndsey Bean",Fairport,NY,2018-04-27,2,9999.98,"Trek Fuel EX 9.8 29 - 2017","Mountain Bikes","Baldwin Bikes","Venita Daniel"
1592,"Lyndsey Bean",Fairport,NY,2018-04-27,1,2999.99,"Trek Conduit+ - 2016","Electric Bikes","Baldwin Bikes","Venita Daniel"
1592,"Lyndsey Bean",Fairport,NY,2018-04-27,2,419.98,"Trek Precaliber 16 Girl's - 2018","Children Bicycles","Baldwin Bikes","Venita Daniel"
1593,"Genoveva Baldwin","Port Washington",NY,2018-04-27,2,699.98,"Electra Savannah 3i (20-inch) - Girl's - 2017","Children Bicycles","Baldwin Bikes","Marcelene Boyer"
1593,"Genoveva Baldwin","Port Washington",NY,2018-04-27,1,469.99,"Trek Session DH 27.5 Carbon Frameset - 2017","Mountain Bikes","Baldwin Bikes","Marcelene Boyer"
1593,"Genoveva Baldwin","Port Washington",NY,2018-04-27,2,5599.98,"Trek Dual Sport+ - 2018","Electric Bikes","Baldwin Bikes","Marcelene Boyer"
1593,"Genoveva Baldwin","Port Washington",NY,2018-04-27,1,416.99,"Sun Bicycles Cruz 7 - 2017","Comfort Bicycles","Baldwin Bikes","Marcelene Boyer"
1593,"Genoveva Baldwin","Port Washington",NY,2018-04-27,2,12999.98,"Trek Emonda SLR 8 - 2018","Road Bikes","Baldwin Bikes","Marcelene Boyer"
1594,"Bennett Armstrong",Bethpage,NY,2018-04-28,2,805.98,"Sun Bicycles Boardwalk (24-inch Wheels) - 2017","Cruisers Bicycles","Baldwin Bikes","Venita Daniel"
1594,"Bennett Armstrong",Bethpage,NY,2018-04-28,1,533.99,"Sun Bicycles Streamway 7 - 2017","Comfort Bicycles","Baldwin Bikes","Venita Daniel"
1595,"Takako Casey",Bronx,NY,2018-04-28,1,379.99,"Trek 820 - 2018","Mountain Bikes","Baldwin Bikes","Venita Daniel"
1599,"Caroll Hays",Fairport,NY,2018-04-29,2,963.98,"Sun Bicycles Streamway - 2017","Comfort Bicycles","Baldwin Bikes","Venita Daniel"
1600,"Marjorie Logan","Franklin Square",NY,2018-04-29,1,4999.99,"Trek Domane SLR 6 - 2018","Road Bikes","Baldwin Bikes","Marcelene Boyer"
1600,"Marjorie Logan","Franklin Square",NY,2018-04-29,1,319.99,"Electra Treasure 1 20" - 2018","Children Bicycles","Baldwin Bikes","Marcelene Boyer"
1600,"Marjorie Logan","Franklin Square",NY,2018-04-29,1,832.99,"Surly Troll Frameset - 2017","Mountain Bikes","Baldwin Bikes","Marcelene Boyer"
1602,"Diana Guerra",Merrick,NY,2018-04-30,2,833.98,"Sun Bicycles Atlas X-Type - 2017","Cruisers Bicycles","Baldwin Bikes","Marcelene Boyer"
1602,"Diana Guerra",Merrick,NY,2018-04-30,1,379.99,"Haro Flightline One ST - 2017","Mountain Bikes","Baldwin Bikes","Marcelene Boyer"
1602,"Diana Guerra",Merrick,NY,2018-04-30,2,459.98,"Trek Precaliber 20 Girl's - 2018","Children Bicycles","Baldwin Bikes","Marcelene Boyer"
1602,"Diana Guerra",Merrick,NY,2018-04-30,2,1799.98,"Electra Amsterdam Fashion 3i Ladies' - 2017/2018","Cruisers Bicycles","Baldwin Bikes","Marcelene Boyer"
1603,"Georgeann Waller","North Tonawanda",NY,2018-04-30,2,459.98,"Trek Precaliber 20 Girl's - 2018","Children Bicycles","Baldwin Bikes","Marcelene Boyer"
1604,"Latasha Hays",Buffalo,NY,2018-06-17,1,209.99,"Trek Precaliber 16 Girl's - 2018","Children Bicycles","Baldwin Bikes","Venita Daniel"
1609,"Pamelia Newman",Monroe,NY,2018-08-23,1,349.99,"Electra Moto 3i (20-inch) - Boy's - 2017","Children Bicycles","Baldwin Bikes","Venita Daniel"
1609,"Pamelia Newman",Monroe,NY,2018-08-23,2,1499.98,"Electra Townie Balloon 8D EQ - 2016/2017/2018","Cruisers Bicycles","Baldwin Bikes","Venita Daniel"
1609,"Pamelia Newman",Monroe,NY,2018-08-23,2,639.98,"Electra Cruiser 7D Tall - 2016/2018","Cruisers Bicycles","Baldwin Bikes","Venita Daniel"
1609,"Pamelia Newman",Monroe,NY,2018-08-23,1,533.99,"Sun Bicycles Streamway 7 - 2017","Comfort Bicycles","Baldwin Bikes","Venita Daniel"
1610,"Linnie Branch",Plattsburgh,NY,2018-08-25,1,832.99,"Surly Troll Frameset - 2017","Mountain Bikes","Baldwin Bikes","Venita Daniel"
1610,"Linnie Branch",Plattsburgh,NY,2018-08-25,2,6399.98,"Trek Domane ALR Frameset - 2018","Road Bikes","Baldwin Bikes","Venita Daniel"
1611,"Lyndsey Bean",Fairport,NY,2018-09-06,1,2799.99,"Electra Loft Go! 8i - 2018","Electric Bikes","Baldwin Bikes","Venita Daniel"
1611,"Lyndsey Bean",Fairport,NY,2018-09-06,2,6399.98,"Trek Domane SL 6 - 2018","Road Bikes","Baldwin Bikes","Venita Daniel"
1611,"Lyndsey Bean",Fairport,NY,2018-09-06,1,749.99,"Electra Morningstar 3i Ladies' - 2018","Cruisers Bicycles","Baldwin Bikes","Venita Daniel"
1613,"Debra Burks","Orchard Park",NY,2018-11-18,1,4999.99,"Trek Domane SL 7 Women's - 2018","Road Bikes","Baldwin Bikes","Marcelene Boyer"
1613,"Debra Burks","Orchard Park",NY,2018-11-18,2,639.98,"Electra Heartchya 1 (20-inch) - Girl's - 2018","Children Bicycles","Baldwin Bikes","Marcelene Boyer"
31,"Edgar Quinn",Harlingen,TX,2016-01-20,2,3361.98,"Surly Straggler 650b - 2016","Cyclocross Bicycles","Rowlett Bikes","Kali Vargas"
31,"Edgar Quinn",Harlingen,TX,2016-01-20,2,5999.98,"Trek Conduit+ - 2016","Electric Bikes","Rowlett Bikes","Kali Vargas"
50,"Silas Tate","Corpus Christi",TX,2016-01-31,1,999.99,"Surly Wednesday Frameset - 2016","Mountain Bikes","Rowlett Bikes","Kali Vargas"
50,"Silas Tate","Corpus Christi",TX,2016-01-31,2,1199.98,"Electra Townie Original 7D EQ - 2016","Comfort Bicycles","Rowlett Bikes","Kali Vargas"
50,"Silas Tate","Corpus Christi",TX,2016-01-31,2,539.98,"Electra Cruiser 1 (24-Inch) - 2016","Cruisers Bicycles","Rowlett Bikes","Kali Vargas"
67,"Lazaro Moran","Sugar Land",TX,2016-02-09,2,599.98,"Electra Girl's Hawaii 1 (20-inch) - 2015/2016","Children Bicycles","Rowlett Bikes","Kali Vargas"
67,"Lazaro Moran","Sugar Land",TX,2016-02-09,2,1099.98,"Electra Townie Original 21D - 2016","Cruisers Bicycles","Rowlett Bikes","Kali Vargas"
67,"Lazaro Moran","Sugar Land",TX,2016-02-09,1,269.99,"Electra Cruiser 1 (24-Inch) - 2016","Children Bicycles","Rowlett Bikes","Kali Vargas"
67,"Lazaro Moran","Sugar Land",TX,2016-02-09,2,2641.98,"Heller Shagamaw Frame - 2016","Mountain Bikes","Rowlett Bikes","Kali Vargas"
67,"Lazaro Moran","Sugar Land",TX,2016-02-09,1,449.00,"Pure Cycles William 3-Speed - 2016","Cruisers Bicycles","Rowlett Bikes","Kali Vargas"
70,"Cleotilde Booth","Sugar Land",TX,2016-02-11,2,1999.98,"Surly Wednesday Frameset - 2016","Mountain Bikes","Rowlett Bikes","Layla Terrell"
70,"Cleotilde Booth","Sugar Land",TX,2016-02-11,1,449.00,"Pure Cycles Western 3-Speed - Women's - 2015/2016","Cruisers Bicycles","Rowlett Bikes","Layla Terrell"
70,"Cleotilde Booth","Sugar Land",TX,2016-02-11,1,599.99,"Electra Townie Original 7D EQ - Women's - 2016","Cruisers Bicycles","Rowlett Bikes","Layla Terrell"
89,"Calandra Stanton","Lake Jackson",TX,2016-02-21,1,1320.99,"Heller Shagamaw Frame - 2016","Mountain Bikes","Rowlett Bikes","Kali Vargas"
89,"Calandra Stanton","Lake Jackson",TX,2016-02-21,2,939.98,"Surly Ice Cream Truck Frameset - 2016","Mountain Bikes","Rowlett Bikes","Kali Vargas"
99,"Rikki Morrow","Fort Worth",TX,2016-02-29,1,269.99,"Electra Cruiser 1 (24-Inch) - 2016","Cruisers Bicycles","Rowlett Bikes","Layla Terrell"
99,"Rikki Morrow","Fort Worth",TX,2016-02-29,1,269.99,"Electra Cruiser 1 (24-Inch) - 2016","Children Bicycles","Rowlett Bikes","Layla Terrell"
99,"Rikki Morrow","Fort Worth",TX,2016-02-29,2,999.98,"Electra Townie Original 7D - 2015/2016","Comfort Bicycles","Rowlett Bikes","Layla Terrell"
99,"Rikki Morrow","Fort Worth",TX,2016-02-29,2,7999.98,"Trek Slash 8 27.5 - 2016","Mountain Bikes","Rowlett Bikes","Layla Terrell"
99,"Rikki Morrow","Fort Worth",TX,2016-02-29,2,599.98,"Electra Girl's Hawaii 1 (20-inch) - 2015/2016","Children Bicycles","Rowlett Bikes","Layla Terrell"
101,"Katheleen Marks",Longview,TX,2016-03-01,2,1099.98,"Electra Townie Original 21D - 2016","Cruisers Bicycles","Rowlett Bikes","Kali Vargas"
106,"Valery Saunders",Victoria,TX,2016-03-04,1,429.00,"Pure Cycles Vine 8-Speed - 2016","Cruisers Bicycles","Rowlett Bikes","Layla Terrell"
106,"Valery Saunders",Victoria,TX,2016-03-04,2,539.98,"Electra Cruiser 1 (24-Inch) - 2016","Cruisers Bicycles","Rowlett Bikes","Layla Terrell"
110,"Launa Hull",Helotes,TX,2016-03-06,1,269.99,"Electra Girl's Hawaii 1 (16-inch) - 2015/2016","Cruisers Bicycles","Rowlett Bikes","Layla Terrell"
127,"Chelsey Boyd",Euless,TX,2016-03-17,1,429.00,"Pure Cycles Vine 8-Speed - 2016","Cruisers Bicycles","Rowlett Bikes","Kali Vargas"
127,"Chelsey Boyd",Euless,TX,2016-03-17,1,599.99,"Electra Townie Original 7D EQ - Women's - 2016","Cruisers Bicycles","Rowlett Bikes","Kali Vargas"
127,"Chelsey Boyd",Euless,TX,2016-03-17,2,5799.98,"Trek Fuel EX 8 29 - 2016","Mountain Bikes","Rowlett Bikes","Kali Vargas"
131,"Hortencia Graham",Euless,TX,2016-03-19,2,539.98,"Electra Girl's Hawaii 1 (16-inch) - 2015/2016","Children Bicycles","Rowlett Bikes","Kali Vargas"
131,"Hortencia Graham",Euless,TX,2016-03-19,2,5799.98,"Trek Fuel EX 8 29 - 2016","Mountain Bikes","Rowlett Bikes","Kali Vargas"
131,"Hortencia Graham",Euless,TX,2016-03-19,2,1099.98,"Electra Townie Original 21D - 2016","Comfort Bicycles","Rowlett Bikes","Kali Vargas"
136,"Gena Owens",Desoto,TX,2016-03-21,2,7999.98,"Trek Slash 8 27.5 - 2016","Mountain Bikes","Rowlett Bikes","Kali Vargas"
136,"Gena Owens",Desoto,TX,2016-03-21,2,1999.98,"Surly Wednesday Frameset - 2016","Mountain Bikes","Rowlett Bikes","Kali Vargas"
157,"Mozelle Carter",Houston,TX,2016-04-03,1,2899.99,"Trek Fuel EX 8 29 - 2016","Mountain Bikes","Rowlett Bikes","Kali Vargas"
157,"Mozelle Carter",Houston,TX,2016-04-03,2,7999.98,"Trek Slash 8 27.5 - 2016","Mountain Bikes","Rowlett Bikes","Kali Vargas"
158,"Dacia William","Sugar Land",TX,2016-04-04,1,549.99,"Electra Townie Original 21D - 2016","Comfort Bicycles","Rowlett Bikes","Layla Terrell"
173,"Dacia William","Sugar Land",TX,2016-04-11,1,269.99,"Electra Girl's Hawaii 1 (16-inch) - 2015/2016","Cruisers Bicycles","Rowlett Bikes","Kali Vargas"
173,"Dacia William","Sugar Land",TX,2016-04-11,1,599.99,"Electra Townie Original 7D EQ - 2016","Cruisers Bicycles","Rowlett Bikes","Kali Vargas"
173,"Dacia William","Sugar Land",TX,2016-04-11,2,1199.98,"Electra Townie Original 7D EQ - Women's - 2016","Cruisers Bicycles","Rowlett Bikes","Kali Vargas"
201,"Brenda Tate","San Angelo",TX,2016-05-01,1,549.99,"Electra Townie Original 21D - 2016","Comfort Bicycles","Rowlett Bikes","Layla Terrell"
201,"Brenda Tate","San Angelo",TX,2016-05-01,1,3999.99,"Trek Slash 8 27.5 - 2016","Mountain Bikes","Rowlett Bikes","Layla Terrell"
201,"Brenda Tate","San Angelo",TX,2016-05-01,2,539.98,"Electra Girl's Hawaii 1 (16-inch) - 2015/2016","Cruisers Bicycles","Rowlett Bikes","Layla Terrell"
201,"Brenda Tate","San Angelo",TX,2016-05-01,1,429.00,"Pure Cycles Vine 8-Speed - 2016","Cruisers Bicycles","Rowlett Bikes","Layla Terrell"
203,"Henrietta Wagner","Fort Worth",TX,2016-05-03,1,599.99,"Electra Townie Original 7D EQ - 2016","Comfort Bicycles","Rowlett Bikes","Layla Terrell"
203,"Henrietta Wagner","Fort Worth",TX,2016-05-03,2,1999.98,"Surly Wednesday Frameset - 2016","Mountain Bikes","Rowlett Bikes","Layla Terrell"
203,"Henrietta Wagner","Fort Worth",TX,2016-05-03,2,858.00,"Pure Cycles Vine 8-Speed - 2016","Cruisers Bicycles","Rowlett Bikes","Layla Terrell"
203,"Henrietta Wagner","Fort Worth",TX,2016-05-03,2,898.00,"Pure Cycles William 3-Speed - 2016","Cruisers Bicycles","Rowlett Bikes","Layla Terrell"
206,"Tania Swanson",Longview,TX,2016-05-04,1,499.99,"Electra Townie Original 7D - 2015/2016","Comfort Bicycles","Rowlett Bikes","Layla Terrell"
206,"Tania Swanson",Longview,TX,2016-05-04,1,599.99,"Electra Townie Original 7D EQ - Women's - 2016","Cruisers Bicycles","Rowlett Bikes","Layla Terrell"
213,"Lilliam Nolan","Copperas Cove",TX,2016-05-08,1,269.99,"Electra Cruiser 1 (24-Inch) - 2016","Cruisers Bicycles","Rowlett Bikes","Kali Vargas"
239,"Lashawn Ortiz",Longview,TX,2016-05-27,2,1199.98,"Electra Townie Original 7D EQ - 2016","Cruisers Bicycles","Rowlett Bikes","Layla Terrell"
239,"Lashawn Ortiz",Longview,TX,2016-05-27,2,539.98,"Electra Cruiser 1 (24-Inch) - 2016","Children Bicycles","Rowlett Bikes","Layla Terrell"
239,"Lashawn Ortiz",Longview,TX,2016-05-27,1,449.00,"Pure Cycles Western 3-Speed - Women's - 2015/2016","Cruisers Bicycles","Rowlett Bikes","Layla Terrell"
239,"Lashawn Ortiz",Longview,TX,2016-05-27,2,5799.98,"Trek Fuel EX 8 29 - 2016","Mountain Bikes","Rowlett Bikes","Layla Terrell"
243,"Barrett Sanders",Longview,TX,2016-05-27,2,999.98,"Electra Townie Original 7D - 2015/2016","Comfort Bicycles","Rowlett Bikes","Kali Vargas"
243,"Barrett Sanders",Longview,TX,2016-05-27,2,898.00,"Pure Cycles William 3-Speed - 2016","Cruisers Bicycles","Rowlett Bikes","Kali Vargas"
243,"Barrett Sanders",Longview,TX,2016-05-27,2,7999.98,"Trek Slash 8 27.5 - 2016","Mountain Bikes","Rowlett Bikes","Kali Vargas"
252,"Lorrie Becker",Garland,TX,2016-06-01,2,3361.98,"Surly Straggler 650b - 2016","Cyclocross Bicycles","Rowlett Bikes","Kali Vargas"
252,"Lorrie Becker",Garland,TX,2016-06-01,1,2899.99,"Trek Fuel EX 8 29 - 2016","Mountain Bikes","Rowlett Bikes","Kali Vargas"
252,"Lorrie Becker",Garland,TX,2016-06-01,1,449.00,"Pure Cycles William 3-Speed - 2016","Cruisers Bicycles","Rowlett Bikes","Kali Vargas"
262,"Matilda Larson",Harlingen,TX,2016-06-08,1,749.99,"Ritchey Timberwolf Frameset - 2016","Mountain Bikes","Rowlett Bikes","Layla Terrell"
262,"Matilda Larson",Harlingen,TX,2016-06-08,2,5999.98,"Trek Conduit+ - 2016","Electric Bikes","Rowlett Bikes","Layla Terrell"
282,"Regina Burns",Garland,TX,2016-06-22,1,599.99,"Electra Townie Original 7D EQ - Women's - 2016","Cruisers Bicycles","Rowlett Bikes","Layla Terrell"
282,"Regina Burns",Garland,TX,2016-06-22,2,7999.98,"Trek Slash 8 27.5 - 2016","Mountain Bikes","Rowlett Bikes","Layla Terrell"
282,"Regina Burns",Garland,TX,2016-06-22,2,1999.98,"Surly Wednesday Frameset - 2016","Mountain Bikes","Rowlett Bikes","Layla Terrell"
282,"Regina Burns",Garland,TX,2016-06-22,2,1199.98,"Electra Townie Original 7D EQ - 2016","Cruisers Bicycles","Rowlett Bikes","Layla Terrell"
292,"Van Peters",Houston,TX,2016-06-29,2,898.00,"Pure Cycles Western 3-Speed - Women's - 2015/2016","Cruisers Bicycles","Rowlett Bikes","Layla Terrell"
292,"Van Peters",Houston,TX,2016-06-29,1,2899.99,"Trek Fuel EX 8 29 - 2016","Mountain Bikes","Rowlett Bikes","Layla Terrell"
292,"Van Peters",Houston,TX,2016-06-29,2,3098.00,"Surly Straggler - 2016","Cyclocross Bicycles","Rowlett Bikes","Layla Terrell"
298,"Janna Hayden",Longview,TX,2016-07-04,1,299.99,"Electra Girl's Hawaii 1 (20-inch) - 2015/2016","Children Bicycles","Rowlett Bikes","Layla Terrell"
298,"Janna Hayden",Longview,TX,2016-07-04,2,939.98,"Surly Ice Cream Truck Frameset - 2016","Mountain Bikes","Rowlett Bikes","Layla Terrell"
298,"Janna Hayden",Longview,TX,2016-07-04,1,269.99,"Electra Girl's Hawaii 1 (16-inch) - 2015/2016","Children Bicycles","Rowlett Bikes","Layla Terrell"
298,"Janna Hayden",Longview,TX,2016-07-04,1,2999.99,"Trek Conduit+ - 2016","Electric Bikes","Rowlett Bikes","Layla Terrell"
298,"Janna Hayden",Longview,TX,2016-07-04,2,539.98,"Electra Girl's Hawaii 1 (16-inch) - 2015/2016","Cruisers Bicycles","Rowlett Bikes","Layla Terrell"
313,"Dagny Owen","San Angelo",TX,2016-07-14,1,2899.99,"Trek Fuel EX 8 29 - 2016","Mountain Bikes","Rowlett Bikes","Layla Terrell"
313,"Dagny Owen","San Angelo",TX,2016-07-14,2,3098.00,"Surly Straggler - 2016","Cyclocross Bicycles","Rowlett Bikes","Layla Terrell"
326,"Bernetta Summers",Longview,TX,2016-07-20,1,549.99,"Electra Townie Original 21D - 2016","Cruisers Bicycles","Rowlett Bikes","Layla Terrell"
326,"Bernetta Summers",Longview,TX,2016-07-20,1,299.99,"Electra Girl's Hawaii 1 (20-inch) - 2015/2016","Children Bicycles","Rowlett Bikes","Layla Terrell"
346,"Lynne Anderson","El Paso",TX,2016-08-01,1,269.99,"Electra Cruiser 1 (24-Inch) - 2016","Cruisers Bicycles","Rowlett Bikes","Layla Terrell"
346,"Lynne Anderson","El Paso",TX,2016-08-01,1,299.99,"Electra Girl's Hawaii 1 (20-inch) - 2015/2016","Children Bicycles","Rowlett Bikes","Layla Terrell"
346,"Lynne Anderson","El Paso",TX,2016-08-01,1,269.99,"Electra Cruiser 1 (24-Inch) - 2016","Children Bicycles","Rowlett Bikes","Layla Terrell"
346,"Lynne Anderson","El Paso",TX,2016-08-01,1,529.99,"Electra Moto 1 - 2016","Cruisers Bicycles","Rowlett Bikes","Layla Terrell"
346,"Lynne Anderson","El Paso",TX,2016-08-01,2,898.00,"Pure Cycles Western 3-Speed - Women's - 2015/2016","Cruisers Bicycles","Rowlett Bikes","Layla Terrell"
348,"Daina Sampson",Longview,TX,2016-08-02,2,2641.98,"Heller Shagamaw Frame - 2016","Mountain Bikes","Rowlett Bikes","Layla Terrell"
348,"Daina Sampson",Longview,TX,2016-08-02,2,1059.98,"Electra Moto 1 - 2016","Cruisers Bicycles","Rowlett Bikes","Layla Terrell"
354,"Jenine Crane","Fort Worth",TX,2016-08-03,1,269.99,"Electra Cruiser 1 (24-Inch) - 2016","Children Bicycles","Rowlett Bikes","Kali Vargas"
354,"Jenine Crane","Fort Worth",TX,2016-08-03,1,449.00,"Pure Cycles William 3-Speed - 2016","Cruisers Bicycles","Rowlett Bikes","Kali Vargas"
355,"Sebrina Gross",Garland,TX,2016-08-03,1,599.99,"Electra Townie Original 7D EQ - 2016","Cruisers Bicycles","Rowlett Bikes","Kali Vargas"
355,"Sebrina Gross",Garland,TX,2016-08-03,2,539.98,"Electra Girl's Hawaii 1 (16-inch) - 2015/2016","Cruisers Bicycles","Rowlett Bikes","Kali Vargas"
357,"Garry Espinoza",Forney,TX,2016-08-05,2,858.00,"Pure Cycles Vine 8-Speed - 2016","Cruisers Bicycles","Rowlett Bikes","Kali Vargas"
357,"Garry Espinoza",Forney,TX,2016-08-05,2,539.98,"Electra Cruiser 1 (24-Inch) - 2016","Children Bicycles","Rowlett Bikes","Kali Vargas"
357,"Garry Espinoza",Forney,TX,2016-08-05,1,549.99,"Electra Townie Original 21D - 2016","Comfort Bicycles","Rowlett Bikes","Kali Vargas"
357,"Garry Espinoza",Forney,TX,2016-08-05,1,2999.99,"Trek Conduit+ - 2016","Electric Bikes","Rowlett Bikes","Kali Vargas"
363,"Brain Skinner",Euless,TX,2016-08-11,2,539.98,"Electra Cruiser 1 (24-Inch) - 2016","Children Bicycles","Rowlett Bikes","Kali Vargas"
363,"Brain Skinner",Euless,TX,2016-08-11,1,269.99,"Electra Girl's Hawaii 1 (16-inch) - 2015/2016","Cruisers Bicycles","Rowlett Bikes","Kali Vargas"
363,"Brain Skinner",Euless,TX,2016-08-11,1,529.99,"Electra Moto 1 - 2016","Cruisers Bicycles","Rowlett Bikes","Kali Vargas"
363,"Brain Skinner",Euless,TX,2016-08-11,1,599.99,"Electra Townie Original 7D EQ - Women's - 2016","Cruisers Bicycles","Rowlett Bikes","Kali Vargas"
366,"Arielle Levine",Garland,TX,2016-08-13,1,269.99,"Electra Cruiser 1 (24-Inch) - 2016","Children Bicycles","Rowlett Bikes","Layla Terrell"
366,"Arielle Levine",Garland,TX,2016-08-13,1,2899.99,"Trek Fuel EX 8 29 - 2016","Mountain Bikes","Rowlett Bikes","Layla Terrell"
366,"Arielle Levine",Garland,TX,2016-08-13,2,1199.98,"Electra Townie Original 7D EQ - 2016","Cruisers Bicycles","Rowlett Bikes","Layla Terrell"
378,"Alec Peck",Victoria,TX,2016-08-17,2,1199.98,"Electra Townie Original 7D EQ - 2016","Comfort Bicycles","Rowlett Bikes","Layla Terrell"
387,"Jennette Wooten",Rowlett,TX,2016-08-20,1,449.00,"Pure Cycles Western 3-Speed - Women's - 2015/2016","Cruisers Bicycles","Rowlett Bikes","Kali Vargas"
388,"Mirella Duffy",Longview,TX,2016-08-21,2,898.00,"Pure Cycles William 3-Speed - 2016","Cruisers Bicycles","Rowlett Bikes","Kali Vargas"
388,"Mirella Duffy",Longview,TX,2016-08-21,2,539.98,"Electra Cruiser 1 (24-Inch) - 2016","Cruisers Bicycles","Rowlett Bikes","Kali Vargas"
388,"Mirella Duffy",Longview,TX,2016-08-21,1,749.99,"Ritchey Timberwolf Frameset - 2016","Mountain Bikes","Rowlett Bikes","Kali Vargas"
388,"Mirella Duffy",Longview,TX,2016-08-21,1,1680.99,"Surly Straggler 650b - 2016","Cyclocross Bicycles","Rowlett Bikes","Kali Vargas"
390,"Shirely Stanley","El Paso",TX,2016-08-22,1,299.99,"Electra Girl's Hawaii 1 (20-inch) - 2015/2016","Children Bicycles","Rowlett Bikes","Layla Terrell"
390,"Shirely Stanley","El Paso",TX,2016-08-22,2,7999.98,"Trek Slash 8 27.5 - 2016","Mountain Bikes","Rowlett Bikes","Layla Terrell"
390,"Shirely Stanley","El Paso",TX,2016-08-22,1,2999.99,"Trek Conduit+ - 2016","Electric Bikes","Rowlett Bikes","Layla Terrell"
391,"Elinore Aguilar","San Angelo",TX,2016-08-23,1,1799.99,"Trek Remedy 29 Carbon Frameset - 2016","Mountain Bikes","Rowlett Bikes","Layla Terrell"
391,"Elinore Aguilar","San Angelo",TX,2016-08-23,2,2641.98,"Heller Shagamaw Frame - 2016","Mountain Bikes","Rowlett Bikes","Layla Terrell"
391,"Elinore Aguilar","San Angelo",TX,2016-08-23,2,1099.98,"Electra Townie Original 21D - 2016","Comfort Bicycles","Rowlett Bikes","Layla Terrell"
407,"Keri Bridges",Richardson,TX,2016-09-01,1,599.99,"Electra Townie Original 7D EQ - Women's - 2016","Cruisers Bicycles","Rowlett Bikes","Kali Vargas"
407,"Keri Bridges",Richardson,TX,2016-09-01,1,1320.99,"Heller Shagamaw Frame - 2016","Mountain Bikes","Rowlett Bikes","Kali Vargas"
419,"Garry Espinoza",Forney,TX,2016-09-04,1,2999.99,"Trek Conduit+ - 2016","Electric Bikes","Rowlett Bikes","Kali Vargas"
429,"Laraine Robbins","San Angelo",TX,2016-09-10,1,1680.99,"Surly Straggler 650b - 2016","Cyclocross Bicycles","Rowlett Bikes","Kali Vargas"
429,"Laraine Robbins","San Angelo",TX,2016-09-10,2,5799.98,"Trek Fuel EX 8 29 - 2016","Mountain Bikes","Rowlett Bikes","Kali Vargas"
429,"Laraine Robbins","San Angelo",TX,2016-09-10,2,2641.98,"Heller Shagamaw Frame - 2016","Mountain Bikes","Rowlett Bikes","Kali Vargas"
429,"Laraine Robbins","San Angelo",TX,2016-09-10,1,469.99,"Surly Ice Cream Truck Frameset - 2016","Mountain Bikes","Rowlett Bikes","Kali Vargas"
429,"Laraine Robbins","San Angelo",TX,2016-09-10,1,749.99,"Ritchey Timberwolf Frameset - 2016","Mountain Bikes","Rowlett Bikes","Kali Vargas"
435,"Keri Bridges",Richardson,TX,2016-09-14,1,269.99,"Electra Girl's Hawaii 1 (16-inch) - 2015/2016","Children Bicycles","Rowlett Bikes","Layla Terrell"
435,"Keri Bridges",Richardson,TX,2016-09-14,1,2999.99,"Trek Conduit+ - 2016","Electric Bikes","Rowlett Bikes","Layla Terrell"
435,"Keri Bridges",Richardson,TX,2016-09-14,1,449.00,"Pure Cycles Western 3-Speed - Women's - 2015/2016","Cruisers Bicycles","Rowlett Bikes","Layla Terrell"
438,"Javier Nichols",Rowlett,TX,2016-09-16,1,2899.99,"Trek Fuel EX 8 29 - 2016","Mountain Bikes","Rowlett Bikes","Kali Vargas"
438,"Javier Nichols",Rowlett,TX,2016-09-16,1,269.99,"Electra Girl's Hawaii 1 (16-inch) - 2015/2016","Children Bicycles","Rowlett Bikes","Kali Vargas"
438,"Javier Nichols",Rowlett,TX,2016-09-16,2,3599.98,"Trek Remedy 29 Carbon Frameset - 2016","Mountain Bikes","Rowlett Bikes","Kali Vargas"
438,"Javier Nichols",Rowlett,TX,2016-09-16,2,539.98,"Electra Cruiser 1 (24-Inch) - 2016","Cruisers Bicycles","Rowlett Bikes","Kali Vargas"
447,"Vallie Dixon",Rowlett,TX,2016-09-20,2,5799.98,"Trek Fuel EX 8 29 - 2016","Mountain Bikes","Rowlett Bikes","Kali Vargas"
447,"Vallie Dixon",Rowlett,TX,2016-09-20,1,999.99,"Surly Wednesday Frameset - 2016","Mountain Bikes","Rowlett Bikes","Kali Vargas"
447,"Vallie Dixon",Rowlett,TX,2016-09-20,1,1799.99,"Trek Remedy 29 Carbon Frameset - 2016","Mountain Bikes","Rowlett Bikes","Kali Vargas"
456,"Alanna Barry",Euless,TX,2016-09-23,2,858.00,"Pure Cycles Vine 8-Speed - 2016","Cruisers Bicycles","Rowlett Bikes","Layla Terrell"
456,"Alanna Barry",Euless,TX,2016-09-23,1,299.99,"Electra Girl's Hawaii 1 (20-inch) - 2015/2016","Children Bicycles","Rowlett Bikes","Layla Terrell"
460,"Ladawn Downs",Houston,TX,2016-09-25,1,449.00,"Pure Cycles William 3-Speed - 2016","Cruisers Bicycles","Rowlett Bikes","Kali Vargas"
460,"Ladawn Downs",Houston,TX,2016-09-25,2,898.00,"Pure Cycles Western 3-Speed - Women's - 2015/2016","Cruisers Bicycles","Rowlett Bikes","Kali Vargas"
460,"Ladawn Downs",Houston,TX,2016-09-25,1,2899.99,"Trek Fuel EX 8 29 - 2016","Mountain Bikes","Rowlett Bikes","Kali Vargas"
460,"Ladawn Downs",Houston,TX,2016-09-25,2,539.98,"Electra Girl's Hawaii 1 (16-inch) - 2015/2016","Children Bicycles","Rowlett Bikes","Kali Vargas"
463,"Brent Calderon","Corpus Christi",TX,2016-09-27,2,539.98,"Electra Cruiser 1 (24-Inch) - 2016","Cruisers Bicycles","Rowlett Bikes","Kali Vargas"
467,"Marry Benjamin",Forney,TX,2016-09-28,1,449.00,"Pure Cycles William 3-Speed - 2016","Cruisers Bicycles","Rowlett Bikes","Kali Vargas"
467,"Marry Benjamin",Forney,TX,2016-09-28,1,1549.00,"Surly Straggler - 2016","Cyclocross Bicycles","Rowlett Bikes","Kali Vargas"
467,"Marry Benjamin",Forney,TX,2016-09-28,2,539.98,"Electra Girl's Hawaii 1 (16-inch) - 2015/2016","Children Bicycles","Rowlett Bikes","Kali Vargas"
467,"Marry Benjamin",Forney,TX,2016-09-28,2,858.00,"Pure Cycles Vine 8-Speed - 2016","Cruisers Bicycles","Rowlett Bikes","Kali Vargas"
467,"Marry Benjamin",Forney,TX,2016-09-28,1,1680.99,"Surly Straggler 650b - 2016","Cyclocross Bicycles","Rowlett Bikes","Kali Vargas"
481,"Jayson Rutledge","Lake Jackson",TX,2016-10-04,2,539.98,"Electra Cruiser 1 (24-Inch) - 2016","Cruisers Bicycles","Rowlett Bikes","Layla Terrell"
481,"Jayson Rutledge","Lake Jackson",TX,2016-10-04,2,1199.98,"Electra Townie Original 7D EQ - 2016","Cruisers Bicycles","Rowlett Bikes","Layla Terrell"
481,"Jayson Rutledge","Lake Jackson",TX,2016-10-04,2,5999.98,"Trek Conduit+ - 2016","Electric Bikes","Rowlett Bikes","Layla Terrell"
489,"Carisa Carpenter",Victoria,TX,2016-10-06,2,3599.98,"Trek Remedy 29 Carbon Frameset - 2016","Mountain Bikes","Rowlett Bikes","Kali Vargas"
502,"Shaunda Barnett",Longview,TX,2016-10-12,1,269.99,"Electra Cruiser 1 (24-Inch) - 2016","Cruisers Bicycles","Rowlett Bikes","Layla Terrell"
531,"Merlene Vinson",Euless,TX,2016-10-28,1,469.99,"Surly Ice Cream Truck Frameset - 2016","Mountain Bikes","Rowlett Bikes","Kali Vargas"
531,"Merlene Vinson",Euless,TX,2016-10-28,2,1099.98,"Electra Townie Original 21D - 2016","Cruisers Bicycles","Rowlett Bikes","Kali Vargas"
531,"Merlene Vinson",Euless,TX,2016-10-28,1,499.99,"Electra Townie Original 7D - 2015/2016","Comfort Bicycles","Rowlett Bikes","Kali Vargas"
535,"Roseanne Maynard",Euless,TX,2016-10-29,1,549.99,"Electra Townie Original 21D - 2016","Comfort Bicycles","Rowlett Bikes","Layla Terrell"
535,"Roseanne Maynard",Euless,TX,2016-10-29,1,529.99,"Electra Moto 1 - 2016","Cruisers Bicycles","Rowlett Bikes","Layla Terrell"
535,"Roseanne Maynard",Euless,TX,2016-10-29,2,539.98,"Electra Girl's Hawaii 1 (16-inch) - 2015/2016","Children Bicycles","Rowlett Bikes","Layla Terrell"
545,"Bao Wade",Desoto,TX,2016-11-08,2,999.98,"Electra Townie Original 7D - 2015/2016","Comfort Bicycles","Rowlett Bikes","Layla Terrell"
545,"Bao Wade",Desoto,TX,2016-11-08,1,469.99,"Surly Ice Cream Truck Frameset - 2016","Mountain Bikes","Rowlett Bikes","Layla Terrell"
545,"Bao Wade",Desoto,TX,2016-11-08,1,549.99,"Electra Townie Original 21D - 2016","Comfort Bicycles","Rowlett Bikes","Layla Terrell"
545,"Bao Wade",Desoto,TX,2016-11-08,2,1199.98,"Electra Townie Original 7D EQ - Women's - 2016","Cruisers Bicycles","Rowlett Bikes","Layla Terrell"
547,"Aleta Shepard","Sugar Land",TX,2016-11-09,2,3361.98,"Surly Straggler 650b - 2016","Cyclocross Bicycles","Rowlett Bikes","Kali Vargas"
547,"Aleta Shepard","Sugar Land",TX,2016-11-09,1,2999.99,"Trek Conduit+ - 2016","Electric Bikes","Rowlett Bikes","Kali Vargas"
547,"Aleta Shepard","Sugar Land",TX,2016-11-09,1,1320.99,"Heller Shagamaw Frame - 2016","Mountain Bikes","Rowlett Bikes","Kali Vargas"
549,"Bobbie Foster",Desoto,TX,2016-11-12,1,529.99,"Electra Moto 1 - 2016","Cruisers Bicycles","Rowlett Bikes","Layla Terrell"
549,"Bobbie Foster",Desoto,TX,2016-11-12,1,599.99,"Electra Townie Original 7D EQ - 2016","Cruisers Bicycles","Rowlett Bikes","Layla Terrell"
549,"Bobbie Foster",Desoto,TX,2016-11-12,1,999.99,"Surly Wednesday Frameset - 2016","Mountain Bikes","Rowlett Bikes","Layla Terrell"
549,"Bobbie Foster",Desoto,TX,2016-11-12,1,3999.99,"Trek Slash 8 27.5 - 2016","Mountain Bikes","Rowlett Bikes","Layla Terrell"
549,"Bobbie Foster",Desoto,TX,2016-11-12,2,539.98,"Electra Cruiser 1 (24-Inch) - 2016","Cruisers Bicycles","Rowlett Bikes","Layla Terrell"
553,"Liliana Kerr",Desoto,TX,2016-11-12,1,549.99,"Electra Townie Original 21D - 2016","Comfort Bicycles","Rowlett Bikes","Layla Terrell"
553,"Liliana Kerr",Desoto,TX,2016-11-12,2,898.00,"Pure Cycles Western 3-Speed - Women's - 2015/2016","Cruisers Bicycles","Rowlett Bikes","Layla Terrell"
553,"Liliana Kerr",Desoto,TX,2016-11-12,1,549.99,"Electra Townie Original 21D - 2016","Cruisers Bicycles","Rowlett Bikes","Layla Terrell"
556,"Elinore Aguilar","San Angelo",TX,2016-11-13,1,599.99,"Electra Townie Original 7D EQ - 2016","Cruisers Bicycles","Rowlett Bikes","Layla Terrell"
556,"Elinore Aguilar","San Angelo",TX,2016-11-13,2,5799.98,"Trek Fuel EX 8 29 - 2016","Mountain Bikes","Rowlett Bikes","Layla Terrell"
579,"Omer Estrada",Rowlett,TX,2016-11-27,2,7999.98,"Trek Slash 8 27.5 - 2016","Mountain Bikes","Rowlett Bikes","Kali Vargas"
579,"Omer Estrada",Rowlett,TX,2016-11-27,1,469.99,"Surly Ice Cream Truck Frameset - 2016","Mountain Bikes","Rowlett Bikes","Kali Vargas"
593,"Cleotilde Booth","Sugar Land",TX,2016-12-07,2,1999.98,"Surly Wednesday Frameset - 2016","Mountain Bikes","Rowlett Bikes","Kali Vargas"
593,"Cleotilde Booth","Sugar Land",TX,2016-12-07,1,499.99,"Electra Townie Original 7D - 2015/2016","Comfort Bicycles","Rowlett Bikes","Kali Vargas"
594,"Tisha Petty","San Antonio",TX,2016-12-07,1,599.99,"Electra Townie Original 7D EQ - 2016","Comfort Bicycles","Rowlett Bikes","Kali Vargas"
594,"Tisha Petty","San Antonio",TX,2016-12-07,2,539.98,"Electra Cruiser 1 (24-Inch) - 2016","Children Bicycles","Rowlett Bikes","Kali Vargas"
615,"Tricia Daniels",Forney,TX,2016-12-19,1,1680.99,"Surly Straggler 650b - 2016","Cyclocross Bicycles","Rowlett Bikes","Layla Terrell"
615,"Tricia Daniels",Forney,TX,2016-12-19,1,299.99,"Electra Girl's Hawaii 1 (20-inch) - 2015/2016","Children Bicycles","Rowlett Bikes","Layla Terrell"
615,"Tricia Daniels",Forney,TX,2016-12-19,2,939.98,"Surly Ice Cream Truck Frameset - 2016","Mountain Bikes","Rowlett Bikes","Layla Terrell"
615,"Tricia Daniels",Forney,TX,2016-12-19,2,898.00,"Pure Cycles William 3-Speed - 2016","Cruisers Bicycles","Rowlett Bikes","Layla Terrell"
633,"Shantae Hammond",Victoria,TX,2016-12-28,2,1099.98,"Electra Townie Original 21D - 2016","Cruisers Bicycles","Rowlett Bikes","Kali Vargas"
633,"Shantae Hammond",Victoria,TX,2016-12-28,2,539.98,"Electra Cruiser 1 (24-Inch) - 2016","Cruisers Bicycles","Rowlett Bikes","Kali Vargas"
633,"Shantae Hammond",Victoria,TX,2016-12-28,2,2641.98,"Heller Shagamaw Frame - 2016","Mountain Bikes","Rowlett Bikes","Kali Vargas"
633,"Shantae Hammond",Victoria,TX,2016-12-28,2,3098.00,"Surly Straggler - 2016","Cyclocross Bicycles","Rowlett Bikes","Kali Vargas"
652,"Milagros Weber",Harlingen,TX,2017-01-12,1,489.99,"Electra Townie Original 7D - 2017","Comfort Bicycles","Rowlett Bikes","Layla Terrell"
652,"Milagros Weber",Harlingen,TX,2017-01-12,2,6999.98,"Trek Boone 7 - 2017","Cyclocross Bicycles","Rowlett Bikes","Layla Terrell"
652,"Milagros Weber",Harlingen,TX,2017-01-12,2,501.98,"Sun Bicycles Revolutions 24 - Girl's - 2017","Cruisers Bicycles","Rowlett Bikes","Layla Terrell"
652,"Milagros Weber",Harlingen,TX,2017-01-12,1,299.99,"Electra Girl's Hawaii 1 (20-inch) - 2015/2016","Children Bicycles","Rowlett Bikes","Layla Terrell"
652,"Milagros Weber",Harlingen,TX,2017-01-12,1,439.99,"Electra Cruiser Lux 1 - 2017","Cruisers Bicycles","Rowlett Bikes","Layla Terrell"
668,"Christia Carson",Helotes,TX,2017-01-22,2,2999.98,"Trek Emonda S 4 - 2017","Road Bikes","Rowlett Bikes","Kali Vargas"
668,"Christia Carson",Helotes,TX,2017-01-22,2,898.00,"Pure Cycles William 3-Speed - 2016","Cruisers Bicycles","Rowlett Bikes","Kali Vargas"
673,"Bobbie Foster",Desoto,TX,2017-01-26,1,250.99,"Sun Bicycles Revolutions 24 - 2017","Cruisers Bicycles","Rowlett Bikes","Layla Terrell"
673,"Bobbie Foster",Desoto,TX,2017-01-26,1,549.99,"Haro Flightline Two 26 Plus - 2017","Mountain Bikes","Rowlett Bikes","Layla Terrell"
673,"Bobbie Foster",Desoto,TX,2017-01-26,1,1320.99,"Heller Shagamaw Frame - 2016","Mountain Bikes","Rowlett Bikes","Layla Terrell"
673,"Bobbie Foster",Desoto,TX,2017-01-26,1,269.99,"Electra Cruiser 1 (24-Inch) - 2016","Cruisers Bicycles","Rowlett Bikes","Layla Terrell"
678,"Ivonne Yang","El Paso",TX,2017-01-28,2,1751.98,"Surly Steamroller - 2017","Road Bikes","Rowlett Bikes","Layla Terrell"
678,"Ivonne Yang","El Paso",TX,2017-01-28,2,759.98,"Haro Flightline One ST - 2017","Mountain Bikes","Rowlett Bikes","Layla Terrell"
698,"Jasmin Young",Helotes,TX,2017-02-06,1,349.99,"Electra Moto 3i (20-inch) - Boy's - 2017","Children Bicycles","Rowlett Bikes","Kali Vargas"
698,"Jasmin Young",Helotes,TX,2017-02-06,1,549.99,"Electra Townie Original 21D - 2016","Cruisers Bicycles","Rowlett Bikes","Kali Vargas"
698,"Jasmin Young",Helotes,TX,2017-02-06,2,9999.98,"Trek Fuel EX 9.8 29 - 2017","Mountain Bikes","Rowlett Bikes","Kali Vargas"
699,"Ciera Koch",Euless,TX,2017-02-06,2,899.98,"Sun Bicycles Cruz 3 - 2017","Comfort Bicycles","Rowlett Bikes","Layla Terrell"
699,"Ciera Koch",Euless,TX,2017-02-06,1,1499.99,"Trek Emonda S 4 - 2017","Road Bikes","Rowlett Bikes","Layla Terrell"
699,"Ciera Koch",Euless,TX,2017-02-06,1,1632.99,"Surly Wednesday - 2017","Mountain Bikes","Rowlett Bikes","Layla Terrell"
699,"Ciera Koch",Euless,TX,2017-02-06,2,1099.98,"Electra Townie Original 21D - 2016","Comfort Bicycles","Rowlett Bikes","Layla Terrell"
699,"Ciera Koch",Euless,TX,2017-02-06,2,1319.98,"Electra Amsterdam Original 3i Ladies' - 2017","Cruisers Bicycles","Rowlett Bikes","Layla Terrell"
701,"Stephanie Browning",Rowlett,TX,2017-02-07,1,109.99,"Sun Bicycles Lil Kitt'n - 2017","Children Bicycles","Rowlett Bikes","Layla Terrell"
712,"Marquerite Dawson",Garland,TX,2017-02-13,2,1079.98,"Haro SR 1.1 - 2017","Mountain Bikes","Rowlett Bikes","Layla Terrell"
712,"Marquerite Dawson",Garland,TX,2017-02-13,2,879.98,"Electra Cruiser Lux 1 - 2017","Cruisers Bicycles","Rowlett Bikes","Layla Terrell"
712,"Marquerite Dawson",Garland,TX,2017-02-13,1,832.99,"Sun Bicycles Spider 3i - 2017","Mountain Bikes","Rowlett Bikes","Layla Terrell"
712,"Marquerite Dawson",Garland,TX,2017-02-13,1,299.99,"Electra Girl's Hawaii 1 16" - 2017","Cruisers Bicycles","Rowlett Bikes","Layla Terrell"
712,"Marquerite Dawson",Garland,TX,2017-02-13,2,5799.98,"Trek Fuel EX 8 29 - 2016","Mountain Bikes","Rowlett Bikes","Layla Terrell"
713,"Michel Blankenship",Forney,TX,2017-02-13,2,419.98,"Haro Shredder 20 Girls - 2017","Children Bicycles","Rowlett Bikes","Kali Vargas"
713,"Michel Blankenship",Forney,TX,2017-02-13,2,699.98,"Electra Savannah 3i (20-inch) - Girl's - 2017","Children Bicycles","Rowlett Bikes","Kali Vargas"
713,"Michel Blankenship",Forney,TX,2017-02-13,1,749.99,"Surly Ogre Frameset - 2017","Road Bikes","Rowlett Bikes","Kali Vargas"
713,"Michel Blankenship",Forney,TX,2017-02-13,2,899.98,"Sun Bicycles Cruz 3 - Women's - 2017","Comfort Bicycles","Rowlett Bikes","Kali Vargas"
727,"Maple Griffin","Copperas Cove",TX,2017-02-19,1,647.99,"Sun Bicycles Biscayne Tandem CB - 2017","Cruisers Bicycles","Rowlett Bikes","Layla Terrell"
727,"Maple Griffin","Copperas Cove",TX,2017-02-19,2,1319.98,"Electra Amsterdam Original 3i Ladies' - 2017","Cruisers Bicycles","Rowlett Bikes","Layla Terrell"
731,"Elenore William",Mcallen,TX,2017-02-25,1,349.99,"Trek Precaliber 24 (21-Speed) - Girls - 2017","Children Bicycles","Rowlett Bikes","Layla Terrell"
731,"Elenore William",Mcallen,TX,2017-02-25,1,3499.99,"Trek Domane SL 6 - 2017","Road Bikes","Rowlett Bikes","Layla Terrell"
731,"Elenore William",Mcallen,TX,2017-02-25,2,501.98,"Sun Bicycles Revolutions 24 - Girl's - 2017","Cruisers Bicycles","Rowlett Bikes","Layla Terrell"
731,"Elenore William",Mcallen,TX,2017-02-25,1,999.99,"Trek X-Caliber 8 - 2017","Mountain Bikes","Rowlett Bikes","Layla Terrell"
734,"Maximina Hutchinson","Corpus Christi",TX,2017-02-26,1,599.99,"Electra Townie Original 7D EQ - 2016","Comfort Bicycles","Rowlett Bikes","Layla Terrell"
734,"Maximina Hutchinson","Corpus Christi",TX,2017-02-26,1,999.99,"Surly Wednesday Frameset - 2016","Mountain Bikes","Rowlett Bikes","Layla Terrell"
734,"Maximina Hutchinson","Corpus Christi",TX,2017-02-26,2,219.98,"Sun Bicycles Lil Kitt'n - 2017","Children Bicycles","Rowlett Bikes","Layla Terrell"
734,"Maximina Hutchinson","Corpus Christi",TX,2017-02-26,2,693.98,"Sun Bicycles Lil Bolt Type-R - 2017","Cruisers Bicycles","Rowlett Bikes","Layla Terrell"
735,"Aleta Shepard","Sugar Land",TX,2017-02-27,2,833.98,"Sun Bicycles Atlas X-Type - 2017","Cruisers Bicycles","Rowlett Bikes","Layla Terrell"
735,"Aleta Shepard","Sugar Land",TX,2017-02-27,2,3098.00,"Surly Straggler - 2016","Cyclocross Bicycles","Rowlett Bikes","Layla Terrell"
741,"Thalia Dillard","San Angelo",TX,2017-02-28,1,4999.99,"Trek Madone 9.2 - 2017","Road Bikes","Rowlett Bikes","Kali Vargas"
741,"Thalia Dillard","San Angelo",TX,2017-02-28,1,299.99,"Electra Girl's Hawaii 1 16" - 2017","Cruisers Bicycles","Rowlett Bikes","Kali Vargas"
741,"Thalia Dillard","San Angelo",TX,2017-02-28,2,539.98,"Electra Cruiser 1 (24-Inch) - 2016","Children Bicycles","Rowlett Bikes","Kali Vargas"
741,"Thalia Dillard","San Angelo",TX,2017-02-28,2,10999.98,"Trek Domane SLR 6 Disc - 2017","Road Bikes","Rowlett Bikes","Kali Vargas"
742,"Holly Nieves",Longview,TX,2017-02-28,2,833.98,"Sun Bicycles Cruz 7 - 2017","Comfort Bicycles","Rowlett Bikes","Layla Terrell"
742,"Holly Nieves",Longview,TX,2017-02-28,1,869.99,"Haro SR 1.2 - 2017","Mountain Bikes","Rowlett Bikes","Layla Terrell"
748,"Maryalice Henry",Richardson,TX,2017-03-03,2,1199.98,"Electra Townie Original 7D EQ - 2016","Cruisers Bicycles","Rowlett Bikes","Kali Vargas"
748,"Maryalice Henry",Richardson,TX,2017-03-03,2,299.98,"Trek Boy's Kickster - 2015/2017","Children Bicycles","Rowlett Bikes","Kali Vargas"
748,"Maryalice Henry",Richardson,TX,2017-03-03,1,1469.99,"Haro Shift R3 - 2017","Mountain Bikes","Rowlett Bikes","Kali Vargas"
748,"Maryalice Henry",Richardson,TX,2017-03-03,2,1665.98,"Sun Bicycles Spider 3i - 2017","Mountain Bikes","Rowlett Bikes","Kali Vargas"
750,"Freddie Mathis",Euless,TX,2017-03-04,1,619.99,"Sun Bicycles Biscayne Tandem 7 - 2017","Cruisers Bicycles","Rowlett Bikes","Kali Vargas"
750,"Freddie Mathis",Euless,TX,2017-03-04,2,1295.98,"Sun Bicycles Biscayne Tandem CB - 2017","Cruisers Bicycles","Rowlett Bikes","Kali Vargas"
758,"Kattie Stevenson",Helotes,TX,2017-03-06,2,539.98,"Electra Girl's Hawaii 1 (16-inch) - 2015/2016","Children Bicycles","Rowlett Bikes","Layla Terrell"
758,"Kattie Stevenson",Helotes,TX,2017-03-06,1,299.99,"Electra Sugar Skulls 1 (20-inch) - Girl's - 2017","Children Bicycles","Rowlett Bikes","Layla Terrell"
758,"Kattie Stevenson",Helotes,TX,2017-03-06,1,999.99,"Surly Big Dummy Frameset - 2017","Mountain Bikes","Rowlett Bikes","Layla Terrell"
758,"Kattie Stevenson",Helotes,TX,2017-03-06,2,693.98,"Sun Bicycles Lil Bolt Type-R - 2017","Cruisers Bicycles","Rowlett Bikes","Layla Terrell"
758,"Kattie Stevenson",Helotes,TX,2017-03-06,1,416.99,"Sun Bicycles Cruz 7 - Women's - 2017","Comfort Bicycles","Rowlett Bikes","Layla Terrell"
763,"Giselle Robles","San Angelo",TX,2017-03-08,1,209.99,"Trek Precaliber 16 Girls - 2017","Children Bicycles","Rowlett Bikes","Layla Terrell"
763,"Giselle Robles","San Angelo",TX,2017-03-08,1,551.99,"Sun Bicycles Streamway 3 - 2017","Comfort Bicycles","Rowlett Bikes","Layla Terrell"
770,"Dorthey Jackson",Houston,TX,2017-03-09,1,470.99,"Sun Bicycles Drifter 7 - 2017","Comfort Bicycles","Rowlett Bikes","Layla Terrell"
770,"Dorthey Jackson",Houston,TX,2017-03-09,1,2299.99,"Trek Fuel EX 5 27.5 Plus - 2017","Mountain Bikes","Rowlett Bikes","Layla Terrell"
770,"Dorthey Jackson",Houston,TX,2017-03-09,1,551.99,"Sun Bicycles Streamway 3 - 2017","Comfort Bicycles","Rowlett Bikes","Layla Terrell"
770,"Dorthey Jackson",Houston,TX,2017-03-09,2,3361.98,"Surly Straggler 650b - 2016","Cyclocross Bicycles","Rowlett Bikes","Layla Terrell"
778,"Lolita Mosley",Houston,TX,2017-03-15,1,489.99,"Electra Townie Original 7D - 2017","Cruisers Bicycles","Rowlett Bikes","Layla Terrell"
778,"Lolita Mosley",Houston,TX,2017-03-15,1,329.99,"Haro Downtown 16 - 2017","Children Bicycles","Rowlett Bikes","Layla Terrell"
787,"Collene Knox","Corpus Christi",TX,2017-03-18,2,12999.98,"Trek Silque SLR 8 Women's - 2017","Road Bikes","Rowlett Bikes","Layla Terrell"
787,"Collene Knox","Corpus Christi",TX,2017-03-18,2,501.98,"Sun Bicycles Revolutions 24 - 2017","Cruisers Bicycles","Rowlett Bikes","Layla Terrell"
788,"Nestor Haynes",Houston,TX,2017-03-18,1,1499.99,"Trek Emonda S 4 - 2017","Road Bikes","Rowlett Bikes","Layla Terrell"
788,"Nestor Haynes",Houston,TX,2017-03-18,1,449.00,"Pure Cycles William 3-Speed - 2016","Cruisers Bicycles","Rowlett Bikes","Layla Terrell"
788,"Nestor Haynes",Houston,TX,2017-03-18,1,269.99,"Electra Cruiser 1 (24-Inch) - 2016","Cruisers Bicycles","Rowlett Bikes","Layla Terrell"
796,"Jenise Preston",Helotes,TX,2017-03-23,2,939.98,"Surly Ice Cream Truck Frameset - 2016","Mountain Bikes","Rowlett Bikes","Layla Terrell"
803,"Armando Black",Richardson,TX,2017-03-28,1,470.99,"Sun Bicycles Drifter 7 - Women's - 2017","Comfort Bicycles","Rowlett Bikes","Kali Vargas"
803,"Armando Black",Richardson,TX,2017-03-28,2,1751.98,"Surly Steamroller - 2017","Road Bikes","Rowlett Bikes","Kali Vargas"
803,"Armando Black",Richardson,TX,2017-03-28,1,489.99,"Electra Townie Original 7D - 2017","Comfort Bicycles","Rowlett Bikes","Kali Vargas"
803,"Armando Black",Richardson,TX,2017-03-28,2,299.98,"Trek Boy's Kickster - 2015/2017","Children Bicycles","Rowlett Bikes","Kali Vargas"
810,"Laraine Robbins","San Angelo",TX,2017-04-01,2,1103.98,"Sun Bicycles Streamway 3 - 2017","Comfort Bicycles","Rowlett Bikes","Kali Vargas"
810,"Laraine Robbins","San Angelo",TX,2017-04-01,1,489.99,"Electra Townie 3i EQ (20-inch) - Boys' - 2017","Children Bicycles","Rowlett Bikes","Kali Vargas"
810,"Laraine Robbins","San Angelo",TX,2017-04-01,1,5499.99,"Trek Domane SLR 6 Disc - 2017","Road Bikes","Rowlett Bikes","Kali Vargas"
810,"Laraine Robbins","San Angelo",TX,2017-04-01,1,269.99,"Electra Girl's Hawaii 1 (16-inch) - 2015/2016","Children Bicycles","Rowlett Bikes","Kali Vargas"
813,"Georgeann Rojas",Desoto,TX,2017-04-01,2,699.98,"Electra Moto 3i (20-inch) - Boy's - 2017","Children Bicycles","Rowlett Bikes","Layla Terrell"
813,"Georgeann Rojas",Desoto,TX,2017-04-01,2,659.98,"Haro Downtown 16 - 2017","Children Bicycles","Rowlett Bikes","Layla Terrell"
813,"Georgeann Rojas",Desoto,TX,2017-04-01,2,939.98,"Surly Wednesday Frameset - 2017","Mountain Bikes","Rowlett Bikes","Layla Terrell"
813,"Georgeann Rojas",Desoto,TX,2017-04-01,2,1199.98,"Electra Townie Original 7D EQ - 2016","Comfort Bicycles","Rowlett Bikes","Layla Terrell"
813,"Georgeann Rojas",Desoto,TX,2017-04-01,2,833.98,"Sun Bicycles Atlas X-Type - 2017","Cruisers Bicycles","Rowlett Bikes","Layla Terrell"
819,"Clementine Mooney",Mcallen,TX,2017-04-04,1,249.99,"Haro Shredder Pro 20 - 2017","Children Bicycles","Rowlett Bikes","Layla Terrell"
823,"Gwendolyn Miller",Harlingen,TX,2017-04-06,2,10999.98,"Trek Domane SLR 6 Disc - 2017","Road Bikes","Rowlett Bikes","Kali Vargas"
823,"Gwendolyn Miller",Harlingen,TX,2017-04-06,2,299.98,"Trek Girl's Kickster - 2017","Children Bicycles","Rowlett Bikes","Kali Vargas"
823,"Gwendolyn Miller",Harlingen,TX,2017-04-06,1,1099.99,"Electra Amsterdam Fashion 7i Ladies' - 2017","Cruisers Bicycles","Rowlett Bikes","Kali Vargas"
852,"Lashawn Ortiz",Longview,TX,2017-04-21,2,2819.98,"Haro SR 1.3 - 2017","Mountain Bikes","Rowlett Bikes","Layla Terrell"
853,"Gilberte Duke","El Paso",TX,2017-04-21,1,299.99,"Electra Sugar Skulls 1 (20-inch) - Girl's - 2017","Children Bicycles","Rowlett Bikes","Kali Vargas"
853,"Gilberte Duke","El Paso",TX,2017-04-21,2,9999.98,"Trek Madone 9.2 - 2017","Road Bikes","Rowlett Bikes","Kali Vargas"
853,"Gilberte Duke","El Paso",TX,2017-04-21,2,4599.98,"Trek Fuel EX 5 27.5 Plus - 2017","Mountain Bikes","Rowlett Bikes","Kali Vargas"
853,"Gilberte Duke","El Paso",TX,2017-04-21,1,869.99,"Haro SR 1.2 - 2017","Mountain Bikes","Rowlett Bikes","Kali Vargas"
853,"Gilberte Duke","El Paso",TX,2017-04-21,1,469.99,"Surly Ice Cream Truck Frameset - 2016","Mountain Bikes","Rowlett Bikes","Kali Vargas"
862,"Jesus Burch",Desoto,TX,2017-04-27,1,329.99,"Haro Downtown 16 - 2017","Children Bicycles","Rowlett Bikes","Kali Vargas"
862,"Jesus Burch",Desoto,TX,2017-04-27,1,299.99,"Electra Sugar Skulls 1 (20-inch) - Girl's - 2017","Children Bicycles","Rowlett Bikes","Kali Vargas"
862,"Jesus Burch",Desoto,TX,2017-04-27,2,6999.98,"Trek Domane SL 6 - 2017","Road Bikes","Rowlett Bikes","Kali Vargas"
881,"Coleman Boyd","El Paso",TX,2017-05-08,1,489.99,"Electra Straight 8 3i (20-inch) - Boy's - 2017","Children Bicycles","Rowlett Bikes","Layla Terrell"
881,"Coleman Boyd","El Paso",TX,2017-05-08,1,5999.99,"Trek Silque SLR 7 Women's - 2017","Road Bikes","Rowlett Bikes","Layla Terrell"
881,"Coleman Boyd","El Paso",TX,2017-05-08,2,979.98,"Electra Townie Original 7D - 2017","Cruisers Bicycles","Rowlett Bikes","Layla Terrell"
881,"Coleman Boyd","El Paso",TX,2017-05-08,1,250.99,"Sun Bicycles Revolutions 24 - Girl's - 2017","Cruisers Bicycles","Rowlett Bikes","Layla Terrell"
885,"Lorrie Becker",Garland,TX,2017-05-13,1,449.99,"Sun Bicycles Cruz 3 - 2017","Comfort Bicycles","Rowlett Bikes","Kali Vargas"
885,"Lorrie Becker",Garland,TX,2017-05-13,1,5299.99,"Trek Fuel EX 9.8 27.5 Plus - 2017","Mountain Bikes","Rowlett Bikes","Kali Vargas"
889,"Edmund Gaines","Copperas Cove",TX,2017-05-14,2,1099.98,"Electra Townie Original 21D - 2016","Cruisers Bicycles","Rowlett Bikes","Kali Vargas"
896,"Elanor Patrick",Victoria,TX,2017-05-19,2,699.98,"Trek Precaliber 24 (21-Speed) - Girls - 2017","Children Bicycles","Rowlett Bikes","Layla Terrell"
896,"Elanor Patrick",Victoria,TX,2017-05-19,1,1549.00,"Surly Straggler - 2016","Cyclocross Bicycles","Rowlett Bikes","Layla Terrell"
924,"Jayne Kirkland",Rowlett,TX,2017-06-02,2,699.98,"Electra Savannah 3i (20-inch) - Girl's - 2017","Children Bicycles","Rowlett Bikes","Kali Vargas"
924,"Jayne Kirkland",Rowlett,TX,2017-06-02,1,832.99,"Surly Troll Frameset - 2017","Mountain Bikes","Rowlett Bikes","Kali Vargas"
930,"Abram Copeland",Harlingen,TX,2017-06-05,2,10999.98,"Trek Domane SLR 6 Disc - 2017","Road Bikes","Rowlett Bikes","Layla Terrell"
930,"Abram Copeland",Harlingen,TX,2017-06-05,1,659.99,"Electra Amsterdam Original 3i Ladies' - 2017","Cruisers Bicycles","Rowlett Bikes","Layla Terrell"
930,"Abram Copeland",Harlingen,TX,2017-06-05,1,1559.99,"Sun Bicycles ElectroLite - 2017","Electric Bikes","Rowlett Bikes","Layla Terrell"
930,"Abram Copeland",Harlingen,TX,2017-06-05,2,693.98,"Sun Bicycles Lil Bolt Type-R - 2017","Cruisers Bicycles","Rowlett Bikes","Layla Terrell"
930,"Abram Copeland",Harlingen,TX,2017-06-05,2,12999.98,"Trek Silque SLR 8 Women's - 2017","Road Bikes","Rowlett Bikes","Layla Terrell"
935,"Mozelle Carter",Houston,TX,2017-06-10,2,693.98,"Sun Bicycles Lil Bolt Type-R - 2017","Cruisers Bicycles","Rowlett Bikes","Kali Vargas"
935,"Mozelle Carter",Houston,TX,2017-06-10,2,599.98,"Electra Girl's Hawaii 1 16" - 2017","Cruisers Bicycles","Rowlett Bikes","Kali Vargas"
935,"Mozelle Carter",Houston,TX,2017-06-10,1,469.99,"Surly Ice Cream Truck Frameset - 2016","Mountain Bikes","Rowlett Bikes","Kali Vargas"
935,"Mozelle Carter",Houston,TX,2017-06-10,1,549.99,"Haro Flightline Two 26 Plus - 2017","Mountain Bikes","Rowlett Bikes","Kali Vargas"
957,"Camila Carroll","San Antonio",TX,2017-06-17,2,899.98,"Sun Bicycles Cruz 3 - Women's - 2017","Comfort Bicycles","Rowlett Bikes","Layla Terrell"
957,"Camila Carroll","San Antonio",TX,2017-06-17,2,539.98,"Electra Girl's Hawaii 1 (16-inch) - 2015/2016","Cruisers Bicycles","Rowlett Bikes","Layla Terrell"
957,"Camila Carroll","San Antonio",TX,2017-06-17,2,1319.98,"Electra Amsterdam Original 3i - 2015/2017","Cruisers Bicycles","Rowlett Bikes","Layla Terrell"
957,"Camila Carroll","San Antonio",TX,2017-06-17,1,250.99,"Sun Bicycles Revolutions 24 - 2017","Cruisers Bicycles","Rowlett Bikes","Layla Terrell"
957,"Camila Carroll","San Antonio",TX,2017-06-17,1,470.99,"Sun Bicycles Drifter 7 - Women's - 2017","Comfort Bicycles","Rowlett Bikes","Layla Terrell"
966,"Leif Short","San Angelo",TX,2017-06-20,1,189.99,"Trek Precaliber 12 Girls - 2017","Children Bicycles","Rowlett Bikes","Kali Vargas"
966,"Leif Short","San Angelo",TX,2017-06-20,1,749.99,"Sun Bicycles Brickell Tandem 7 - 2017","Cruisers Bicycles","Rowlett Bikes","Kali Vargas"
969,"Cecelia Gill",Mcallen,TX,2017-06-21,1,439.99,"Electra Cruiser Lux 1 - 2017","Cruisers Bicycles","Rowlett Bikes","Layla Terrell"
969,"Cecelia Gill",Mcallen,TX,2017-06-21,1,832.99,"Surly Troll Frameset - 2017","Mountain Bikes","Rowlett Bikes","Layla Terrell"
971,"Londa Gould","Corpus Christi",TX,2017-06-22,2,1319.98,"Electra Amsterdam Original 3i - 2015/2017","Cruisers Bicycles","Rowlett Bikes","Kali Vargas"
971,"Londa Gould","Corpus Christi",TX,2017-06-22,2,693.98,"Sun Bicycles Lil Bolt Type-R - 2017","Cruisers Bicycles","Rowlett Bikes","Kali Vargas"
971,"Londa Gould","Corpus Christi",TX,2017-06-22,2,3599.98,"Trek Remedy 29 Carbon Frameset - 2016","Mountain Bikes","Rowlett Bikes","Kali Vargas"
971,"Londa Gould","Corpus Christi",TX,2017-06-22,2,1099.98,"Electra Townie Original 21D - 2016","Cruisers Bicycles","Rowlett Bikes","Kali Vargas"
971,"Londa Gould","Corpus Christi",TX,2017-06-22,1,549.99,"Haro Flightline Two 26 Plus - 2017","Mountain Bikes","Rowlett Bikes","Kali Vargas"
974,"Julienne Moody","Fort Worth",TX,2017-06-24,2,939.98,"Surly Wednesday Frameset - 2017","Mountain Bikes","Rowlett Bikes","Kali Vargas"
974,"Julienne Moody","Fort Worth",TX,2017-06-24,2,539.98,"Electra Girl's Hawaii 1 (16-inch) - 2015/2016","Children Bicycles","Rowlett Bikes","Kali Vargas"
976,"Myrl Gay",Garland,TX,2017-06-25,2,1199.98,"Electra Townie Original 7D EQ - 2016","Comfort Bicycles","Rowlett Bikes","Layla Terrell"
976,"Myrl Gay",Garland,TX,2017-06-25,1,1499.99,"Trek Stache 5 - 2017","Mountain Bikes","Rowlett Bikes","Layla Terrell"
980,"Bettie Glover",Euless,TX,2017-06-26,2,6999.98,"Trek Domane SL 6 - 2017","Road Bikes","Rowlett Bikes","Layla Terrell"
980,"Bettie Glover",Euless,TX,2017-06-26,1,2999.99,"Trek Conduit+ - 2016","Electric Bikes","Rowlett Bikes","Layla Terrell"
980,"Bettie Glover",Euless,TX,2017-06-26,1,489.99,"Electra Townie Original 7D - 2017","Cruisers Bicycles","Rowlett Bikes","Layla Terrell"
981,"Cecilia Camacho",Desoto,TX,2017-06-26,1,832.99,"Sun Bicycles Spider 3i - 2017","Mountain Bikes","Rowlett Bikes","Kali Vargas"
981,"Cecilia Camacho",Desoto,TX,2017-06-26,2,599.98,"Electra Girl's Hawaii 1 16" - 2017","Children Bicycles","Rowlett Bikes","Kali Vargas"
981,"Cecilia Camacho",Desoto,TX,2017-06-26,2,539.98,"Electra Cruiser 1 (24-Inch) - 2016","Children Bicycles","Rowlett Bikes","Kali Vargas"
981,"Cecilia Camacho",Desoto,TX,2017-06-26,2,1665.98,"Surly Troll Frameset - 2017","Mountain Bikes","Rowlett Bikes","Kali Vargas"
981,"Cecilia Camacho",Desoto,TX,2017-06-26,1,4999.99,"Trek Powerfly 8 FS Plus - 2017","Electric Bikes","Rowlett Bikes","Kali Vargas"
982,"Dollie Cervantes","Fort Worth",TX,2017-06-26,2,539.98,"Electra Girl's Hawaii 1 (16-inch) - 2015/2016","Children Bicycles","Rowlett Bikes","Layla Terrell"
982,"Dollie Cervantes","Fort Worth",TX,2017-06-26,1,470.99,"Sun Bicycles Drifter 7 - 2017","Comfort Bicycles","Rowlett Bikes","Layla Terrell"
982,"Dollie Cervantes","Fort Worth",TX,2017-06-26,1,875.99,"Surly Steamroller - 2017","Road Bikes","Rowlett Bikes","Layla Terrell"
982,"Dollie Cervantes","Fort Worth",TX,2017-06-26,2,9999.98,"Trek Fuel EX 9.8 29 - 2017","Mountain Bikes","Rowlett Bikes","Layla Terrell"
1009,"Patsy Russo",Rowlett,TX,2017-07-16,2,599.98,"Electra Girl's Hawaii 1 16" - 2017","Children Bicycles","Rowlett Bikes","Kali Vargas"
1009,"Patsy Russo",Rowlett,TX,2017-07-16,1,539.99,"Haro SR 1.1 - 2017","Mountain Bikes","Rowlett Bikes","Kali Vargas"
1016,"Jasper Castro",Forney,TX,2017-07-19,2,599.98,"Electra Girl's Hawaii 1 16" - 2017","Cruisers Bicycles","Rowlett Bikes","Layla Terrell"
1045,"Morton Lee","San Angelo",TX,2017-08-07,1,2499.99,"Surly Karate Monkey 27.5+ Frameset - 2017","Mountain Bikes","Rowlett Bikes","Layla Terrell"
1045,"Morton Lee","San Angelo",TX,2017-08-07,2,963.98,"Sun Bicycles Streamway - 2017","Comfort Bicycles","Rowlett Bikes","Layla Terrell"
1046,"Sherril Alvarado",Desoto,TX,2017-08-07,1,1559.99,"Sun Bicycles ElectroLite - 2017","Electric Bikes","Rowlett Bikes","Kali Vargas"
1046,"Sherril Alvarado",Desoto,TX,2017-08-07,1,402.99,"Sun Bicycles Boardwalk (24-inch Wheels) - 2017","Cruisers Bicycles","Rowlett Bikes","Kali Vargas"
1046,"Sherril Alvarado",Desoto,TX,2017-08-07,1,469.99,"Trek Farley Alloy Frameset - 2017","Mountain Bikes","Rowlett Bikes","Kali Vargas"
1046,"Sherril Alvarado",Desoto,TX,2017-08-07,2,2939.98,"Haro Shift R3 - 2017","Mountain Bikes","Rowlett Bikes","Kali Vargas"
1046,"Sherril Alvarado",Desoto,TX,2017-08-07,2,858.00,"Pure Cycles Vine 8-Speed - 2016","Cruisers Bicycles","Rowlett Bikes","Kali Vargas"
1047,"Merlene Vinson",Euless,TX,2017-08-08,2,4999.98,"Surly Karate Monkey 27.5+ Frameset - 2017","Mountain Bikes","Rowlett Bikes","Kali Vargas"
1047,"Merlene Vinson",Euless,TX,2017-08-08,1,647.99,"Sun Bicycles Biscayne Tandem CB - 2017","Cruisers Bicycles","Rowlett Bikes","Kali Vargas"
1047,"Merlene Vinson",Euless,TX,2017-08-08,1,832.99,"Sun Bicycles Spider 3i - 2017","Mountain Bikes","Rowlett Bikes","Kali Vargas"
1047,"Merlene Vinson",Euless,TX,2017-08-08,1,3499.99,"Trek Domane SL 6 - 2017","Road Bikes","Rowlett Bikes","Kali Vargas"
1063,"Luis Tyler",Amarillo,TX,2017-08-16,2,939.98,"Surly Wednesday Frameset - 2017","Mountain Bikes","Rowlett Bikes","Kali Vargas"
1063,"Luis Tyler",Amarillo,TX,2017-08-16,2,979.98,"Electra Townie 3i EQ (20-inch) - Boys' - 2017","Children Bicycles","Rowlett Bikes","Kali Vargas"
1063,"Luis Tyler",Amarillo,TX,2017-08-16,2,1239.98,"Sun Bicycles Biscayne Tandem 7 - 2017","Cruisers Bicycles","Rowlett Bikes","Kali Vargas"
1064,"Crysta Velez",Houston,TX,2017-08-16,1,449.00,"Pure Cycles Western 3-Speed - Women's - 2015/2016","Cruisers Bicycles","Rowlett Bikes","Layla Terrell"
1064,"Crysta Velez",Houston,TX,2017-08-16,1,3499.99,"Trek Domane SL 6 - 2017","Road Bikes","Rowlett Bikes","Layla Terrell"
1071,"Delaine Estes",Amarillo,TX,2017-08-17,2,999.98,"Electra Townie Original 7D - 2015/2016","Comfort Bicycles","Rowlett Bikes","Kali Vargas"
1087,"Kermit Bowman","El Paso",TX,2017-08-22,1,529.99,"Electra Moto 1 - 2016","Cruisers Bicycles","Rowlett Bikes","Kali Vargas"
1087,"Kermit Bowman","El Paso",TX,2017-08-22,2,979.98,"Electra Townie Original 7D - 2017","Comfort Bicycles","Rowlett Bikes","Kali Vargas"
1087,"Kermit Bowman","El Paso",TX,2017-08-22,2,5199.98,"Trek Domane S 5 Disc - 2017","Road Bikes","Rowlett Bikes","Kali Vargas"
1087,"Kermit Bowman","El Paso",TX,2017-08-22,2,539.98,"Electra Cruiser 1 (24-Inch) - 2016","Cruisers Bicycles","Rowlett Bikes","Kali Vargas"
1087,"Kermit Bowman","El Paso",TX,2017-08-22,2,833.98,"Sun Bicycles Cruz 7 - Women's - 2017","Comfort Bicycles","Rowlett Bikes","Kali Vargas"
1088,"Efren Whitfield",Euless,TX,2017-08-22,1,489.99,"Electra Townie Original 7D - 2017","Cruisers Bicycles","Rowlett Bikes","Kali Vargas"
1088,"Efren Whitfield",Euless,TX,2017-08-22,1,999.99,"Surly Ice Cream Truck Frameset - 2017","Mountain Bikes","Rowlett Bikes","Kali Vargas"
1088,"Efren Whitfield",Euless,TX,2017-08-22,1,469.99,"Surly Wednesday Frameset - 2017","Mountain Bikes","Rowlett Bikes","Kali Vargas"
1088,"Efren Whitfield",Euless,TX,2017-08-22,2,1665.98,"Surly Troll Frameset - 2017","Mountain Bikes","Rowlett Bikes","Kali Vargas"
1095,"Wynona Douglas",Harlingen,TX,2017-08-26,2,1295.98,"Sun Bicycles Biscayne Tandem CB - 2017","Cruisers Bicycles","Rowlett Bikes","Layla Terrell"
1095,"Wynona Douglas",Harlingen,TX,2017-08-26,2,1999.98,"Surly Wednesday Frameset - 2016","Mountain Bikes","Rowlett Bikes","Layla Terrell"
1095,"Wynona Douglas",Harlingen,TX,2017-08-26,2,1059.98,"Electra Moto 1 - 2016","Cruisers Bicycles","Rowlett Bikes","Layla Terrell"
1095,"Wynona Douglas",Harlingen,TX,2017-08-26,1,1632.99,"Surly Wednesday - 2017","Mountain Bikes","Rowlett Bikes","Layla Terrell"
1095,"Wynona Douglas",Harlingen,TX,2017-08-26,2,11999.98,"Trek Silque SLR 7 Women's - 2017","Road Bikes","Rowlett Bikes","Layla Terrell"
1105,"Margret Barnett",Forney,TX,2017-09-01,1,1559.99,"Sun Bicycles ElectroLite - 2017","Electric Bikes","Rowlett Bikes","Kali Vargas"
1105,"Margret Barnett",Forney,TX,2017-09-01,2,10999.98,"Trek Domane SLR 6 Disc - 2017","Road Bikes","Rowlett Bikes","Kali Vargas"
1105,"Margret Barnett",Forney,TX,2017-09-01,2,1665.98,"Sun Bicycles Spider 3i - 2017","Mountain Bikes","Rowlett Bikes","Kali Vargas"
1124,"Pinkie Kirkland","San Angelo",TX,2017-09-13,2,7999.98,"Trek Slash 8 27.5 - 2016","Mountain Bikes","Rowlett Bikes","Layla Terrell"
1124,"Pinkie Kirkland","San Angelo",TX,2017-09-13,1,469.99,"Surly Ice Cream Truck Frameset - 2016","Mountain Bikes","Rowlett Bikes","Layla Terrell"
1124,"Pinkie Kirkland","San Angelo",TX,2017-09-13,2,833.98,"Sun Bicycles Cruz 7 - Women's - 2017","Comfort Bicycles","Rowlett Bikes","Layla Terrell"
1124,"Pinkie Kirkland","San Angelo",TX,2017-09-13,2,1739.98,"Haro SR 1.2 - 2017","Mountain Bikes","Rowlett Bikes","Layla Terrell"
1124,"Pinkie Kirkland","San Angelo",TX,2017-09-13,2,1499.98,"Ritchey Timberwolf Frameset - 2016","Mountain Bikes","Rowlett Bikes","Layla Terrell"
1126,"Yang Giles","San Angelo",TX,2017-09-14,2,939.98,"Surly Wednesday Frameset - 2017","Mountain Bikes","Rowlett Bikes","Kali Vargas"
1126,"Yang Giles","San Angelo",TX,2017-09-14,1,4999.99,"Trek Madone 9.2 - 2017","Road Bikes","Rowlett Bikes","Kali Vargas"
1126,"Yang Giles","San Angelo",TX,2017-09-14,2,419.98,"Trek Precaliber 16 Boys - 2017","Children Bicycles","Rowlett Bikes","Kali Vargas"
1137,"Ivelisse Nixon",Houston,TX,2017-09-20,1,2499.99,"Surly Karate Monkey 27.5+ Frameset - 2017","Mountain Bikes","Rowlett Bikes","Kali Vargas"
1137,"Ivelisse Nixon",Houston,TX,2017-09-20,2,9999.98,"Trek Madone 9.2 - 2017","Road Bikes","Rowlett Bikes","Kali Vargas"
1137,"Ivelisse Nixon",Houston,TX,2017-09-20,2,219.98,"Sun Bicycles Lil Kitt'n - 2017","Children Bicycles","Rowlett Bikes","Kali Vargas"
1137,"Ivelisse Nixon",Houston,TX,2017-09-20,2,833.98,"Sun Bicycles Cruz 7 - 2017","Cruisers Bicycles","Rowlett Bikes","Kali Vargas"
1140,"Tammy Austin","Lake Jackson",TX,2017-09-21,2,2999.98,"Trek Stache 5 - 2017","Mountain Bikes","Rowlett Bikes","Kali Vargas"
1140,"Tammy Austin","Lake Jackson",TX,2017-09-21,2,833.98,"Sun Bicycles Atlas X-Type - 2017","Cruisers Bicycles","Rowlett Bikes","Kali Vargas"
1140,"Tammy Austin","Lake Jackson",TX,2017-09-21,2,1099.98,"Haro Flightline Two 26 Plus - 2017","Mountain Bikes","Rowlett Bikes","Kali Vargas"
1140,"Tammy Austin","Lake Jackson",TX,2017-09-21,2,9999.98,"Trek Fuel EX 9.8 29 - 2017","Mountain Bikes","Rowlett Bikes","Kali Vargas"
1176,"Caroline Jenkins",Richardson,TX,2017-10-10,1,189.99,"Trek Precaliber 12 Boys - 2017","Children Bicycles","Rowlett Bikes","Layla Terrell"
1177,"Tobie Little",Victoria,TX,2017-10-12,2,6999.98,"Trek Boone 7 - 2017","Cyclocross Bicycles","Rowlett Bikes","Layla Terrell"
1177,"Tobie Little",Victoria,TX,2017-10-12,1,439.99,"Electra Cruiser Lux 1 - 2017","Cruisers Bicycles","Rowlett Bikes","Layla Terrell"
1179,"Keturah Reid","Corpus Christi",TX,2017-10-12,2,419.98,"Haro Shredder 20 Girls - 2017","Children Bicycles","Rowlett Bikes","Layla Terrell"
1179,"Keturah Reid","Corpus Christi",TX,2017-10-12,2,379.98,"Trek Precaliber 12 Girls - 2017","Children Bicycles","Rowlett Bikes","Layla Terrell"
1179,"Keturah Reid","Corpus Christi",TX,2017-10-12,2,939.98,"Surly Wednesday Frameset - 2017","Mountain Bikes","Rowlett Bikes","Layla Terrell"
1179,"Keturah Reid","Corpus Christi",TX,2017-10-12,1,5999.99,"Trek Silque SLR 7 Women's - 2017","Road Bikes","Rowlett Bikes","Layla Terrell"
1210,"Andria Rivers",Amarillo,TX,2017-10-26,1,599.99,"Electra Townie Original 7D EQ - 2016","Comfort Bicycles","Rowlett Bikes","Kali Vargas"
1210,"Andria Rivers",Amarillo,TX,2017-10-26,2,939.98,"Surly Ice Cream Truck Frameset - 2016","Mountain Bikes","Rowlett Bikes","Kali Vargas"
1210,"Andria Rivers",Amarillo,TX,2017-10-26,2,1295.98,"Sun Bicycles Biscayne Tandem CB - 2017","Cruisers Bicycles","Rowlett Bikes","Kali Vargas"
1210,"Andria Rivers",Amarillo,TX,2017-10-26,1,109.99,"Sun Bicycles Lil Kitt'n - 2017","Children Bicycles","Rowlett Bikes","Kali Vargas"
1210,"Andria Rivers",Amarillo,TX,2017-10-26,2,1665.98,"Sun Bicycles Spider 3i - 2017","Mountain Bikes","Rowlett Bikes","Kali Vargas"
1213,"Willis Randolph",Harlingen,TX,2017-10-27,2,979.98,"Electra Townie Original 7D - 2017","Cruisers Bicycles","Rowlett Bikes","Layla Terrell"
1213,"Willis Randolph",Harlingen,TX,2017-10-27,1,647.99,"Sun Bicycles Biscayne Tandem CB - 2017","Cruisers Bicycles","Rowlett Bikes","Layla Terrell"
1213,"Willis Randolph",Harlingen,TX,2017-10-27,2,979.98,"Electra Townie Original 7D - 2017","Comfort Bicycles","Rowlett Bikes","Layla Terrell"
1213,"Willis Randolph",Harlingen,TX,2017-10-27,1,529.99,"Electra Moto 1 - 2016","Cruisers Bicycles","Rowlett Bikes","Layla Terrell"
1222,"Narcisa Knapp",Amarillo,TX,2017-11-01,1,349.99,"Electra Savannah 3i (20-inch) - Girl's - 2017","Children Bicycles","Rowlett Bikes","Layla Terrell"
1251,"Charmain Webster",Richardson,TX,2017-11-17,2,9999.98,"Trek Fuel EX 9.8 29 - 2017","Mountain Bikes","Rowlett Bikes","Layla Terrell"
1251,"Charmain Webster",Richardson,TX,2017-11-17,1,5499.99,"Trek Domane SLR 6 Disc - 2017","Road Bikes","Rowlett Bikes","Layla Terrell"
1251,"Charmain Webster",Richardson,TX,2017-11-17,1,3999.99,"Trek Slash 8 27.5 - 2016","Mountain Bikes","Rowlett Bikes","Layla Terrell"
1280,"Robena Hill","Corpus Christi",TX,2017-12-01,2,1239.98,"Sun Bicycles Biscayne Tandem 7 - 2017","Cruisers Bicycles","Rowlett Bikes","Layla Terrell"
1280,"Robena Hill","Corpus Christi",TX,2017-12-01,1,439.99,"Electra Cruiser Lux 1 - 2017","Cruisers Bicycles","Rowlett Bikes","Layla Terrell"
1280,"Robena Hill","Corpus Christi",TX,2017-12-01,1,875.99,"Surly Steamroller - 2017","Road Bikes","Rowlett Bikes","Layla Terrell"
1280,"Robena Hill","Corpus Christi",TX,2017-12-01,1,3499.99,"Trek Boone Race Shop Limited - 2017","Cyclocross Bicycles","Rowlett Bikes","Layla Terrell"
1288,"Corrinne Garrison",Victoria,TX,2017-12-07,1,749.99,"Sun Bicycles Brickell Tandem 7 - 2017","Cruisers Bicycles","Rowlett Bikes","Layla Terrell"
1288,"Corrinne Garrison",Victoria,TX,2017-12-07,2,979.98,"Electra Townie Original 7D - 2017","Cruisers Bicycles","Rowlett Bikes","Layla Terrell"
1288,"Corrinne Garrison",Victoria,TX,2017-12-07,2,6999.98,"Trek Boone 7 - 2017","Cyclocross Bicycles","Rowlett Bikes","Layla Terrell"
1288,"Corrinne Garrison",Victoria,TX,2017-12-07,2,858.00,"Pure Cycles Vine 8-Speed - 2016","Cruisers Bicycles","Rowlett Bikes","Layla Terrell"
1298,"Garret Clay","Corpus Christi",TX,2017-12-14,1,2599.99,"Trek Domane S 5 Disc - 2017","Road Bikes","Rowlett Bikes","Layla Terrell"
1298,"Garret Clay","Corpus Christi",TX,2017-12-14,2,941.98,"Sun Bicycles Drifter 7 - 2017","Comfort Bicycles","Rowlett Bikes","Layla Terrell"
1315,"Porter Bass","San Angelo",TX,2017-12-25,2,963.98,"Sun Bicycles Streamway - 2017","Comfort Bicycles","Rowlett Bikes","Layla Terrell"
1315,"Porter Bass","San Angelo",TX,2017-12-25,1,1469.99,"Haro Shift R3 - 2017","Mountain Bikes","Rowlett Bikes","Layla Terrell"
1315,"Porter Bass","San Angelo",TX,2017-12-25,1,549.99,"Electra Townie Original 21D - 2016","Comfort Bicycles","Rowlett Bikes","Layla Terrell"
1315,"Porter Bass","San Angelo",TX,2017-12-25,1,599.99,"Electra Townie Original 7D EQ - 2016","Comfort Bicycles","Rowlett Bikes","Layla Terrell"
1315,"Porter Bass","San Angelo",TX,2017-12-25,2,1199.98,"Electra Townie Original 7D EQ - 2016","Cruisers Bicycles","Rowlett Bikes","Layla Terrell"
1325,"Jayne Kirkland",Rowlett,TX,2018-01-01,1,2999.99,"Trek Remedy 7 27.5 - 2018","Mountain Bikes","Rowlett Bikes","Kali Vargas"
1325,"Jayne Kirkland",Rowlett,TX,2018-01-01,1,899.99,"Electra Amsterdam Fashion 3i Ladies' - 2017/2018","Cruisers Bicycles","Rowlett Bikes","Kali Vargas"
1325,"Jayne Kirkland",Rowlett,TX,2018-01-01,1,2999.99,"Trek Crockett 7 Disc - 2018","Cyclocross Bicycles","Rowlett Bikes","Kali Vargas"
1325,"Jayne Kirkland",Rowlett,TX,2018-01-01,1,2499.99,"Surly Karate Monkey 27.5+ Frameset - 2017","Mountain Bikes","Rowlett Bikes","Kali Vargas"
1326,"Sheila Travis",Longview,TX,2018-01-01,2,5599.98,"Trek Dual Sport+ - 2018","Electric Bikes","Rowlett Bikes","Layla Terrell"
1326,"Sheila Travis",Longview,TX,2018-01-01,2,399.98,"Trek Precaliber 12 Boy's - 2018","Children Bicycles","Rowlett Bikes","Layla Terrell"
1333,"Minerva Decker",Houston,TX,2018-01-06,2,9999.98,"Trek Super Commuter+ 8S - 2018","Electric Bikes","Rowlett Bikes","Kali Vargas"
1333,"Minerva Decker",Houston,TX,2018-01-06,2,1359.98,"Electra Townie Original 21D EQ - 2017/2018","Comfort Bicycles","Rowlett Bikes","Kali Vargas"
1333,"Minerva Decker",Houston,TX,2018-01-06,2,599.98,"Electra Sugar Skulls 1 (20-inch) - Girl's - 2017","Children Bicycles","Rowlett Bikes","Kali Vargas"
1333,"Minerva Decker",Houston,TX,2018-01-06,1,549.99,"Electra Townie Original 21D - 2016","Cruisers Bicycles","Rowlett Bikes","Kali Vargas"
1333,"Minerva Decker",Houston,TX,2018-01-06,1,647.99,"Sun Bicycles Biscayne Tandem CB - 2017","Cruisers Bicycles","Rowlett Bikes","Kali Vargas"
1346,"Sarita Parks",Forney,TX,2018-01-14,2,2999.98,"Trek Remedy 27.5 C Frameset - 2018","Mountain Bikes","Rowlett Bikes","Kali Vargas"
1346,"Sarita Parks",Forney,TX,2018-01-14,1,4499.99,"Trek Emonda SL 7 - 2018","Road Bikes","Rowlett Bikes","Kali Vargas"
1346,"Sarita Parks",Forney,TX,2018-01-14,2,898.00,"Pure Cycles Western 3-Speed - Women's - 2015/2016","Cruisers Bicycles","Rowlett Bikes","Kali Vargas"
1346,"Sarita Parks",Forney,TX,2018-01-14,1,749.99,"Electra White Water 3i - 2018","Cruisers Bicycles","Rowlett Bikes","Kali Vargas"
1346,"Sarita Parks",Forney,TX,2018-01-14,2,179.98,"Strider Classic 12 Balance Bike - 2018","Children Bicycles","Rowlett Bikes","Kali Vargas"
1359,"Berneice Pollard",Forney,TX,2018-01-21,1,279.99,"Electra Cyclosaurus 1 (16-inch) - Boy's - 2018","Children Bicycles","Rowlett Bikes","Layla Terrell"
1359,"Berneice Pollard",Forney,TX,2018-01-21,1,659.99,"Electra Amsterdam Original 3i Ladies' - 2017","Cruisers Bicycles","Rowlett Bikes","Layla Terrell"
1373,"Latonya Dixon",Garland,TX,2018-01-29,1,3499.99,"Trek Boone Race Shop Limited - 2017","Cyclocross Bicycles","Rowlett Bikes","Layla Terrell"
1375,"Cameron Carroll",Longview,TX,2018-01-30,2,3599.98,"Trek Domane ALR 5 Gravel - 2018","Road Bikes","Rowlett Bikes","Kali Vargas"
1375,"Cameron Carroll",Longview,TX,2018-01-30,1,2499.99,"Trek Domane SL 5 Disc - 2018","Road Bikes","Rowlett Bikes","Kali Vargas"
1385,"Lynwood Jackson",Longview,TX,2018-02-08,2,1099.98,"Electra Townie Original 21D - 2016","Comfort Bicycles","Rowlett Bikes","Layla Terrell"
1385,"Lynwood Jackson",Longview,TX,2018-02-08,1,1799.99,"Trek Domane ALR 5 Disc - 2018","Road Bikes","Rowlett Bikes","Layla Terrell"
1385,"Lynwood Jackson",Longview,TX,2018-02-08,2,2999.98,"Trek Stache 5 - 2017","Mountain Bikes","Rowlett Bikes","Layla Terrell"
1385,"Lynwood Jackson",Longview,TX,2018-02-08,1,1499.99,"Trek X-Caliber Frameset - 2018","Mountain Bikes","Rowlett Bikes","Layla Terrell"
1394,"Erik Leblanc","Sugar Land",TX,2018-02-14,2,4999.98,"Trek 1120 - 2018","Road Bikes","Rowlett Bikes","Kali Vargas"
1409,"Tobie Little",Victoria,TX,2018-02-26,2,1799.98,"Electra Townie Balloon 7i EQ - 2018","Comfort Bicycles","Rowlett Bikes","Kali Vargas"
1409,"Tobie Little",Victoria,TX,2018-02-26,1,1299.99,"Trek CrossRip 2 - 2018","Road Bikes","Rowlett Bikes","Kali Vargas"
1409,"Tobie Little",Victoria,TX,2018-02-26,2,6399.98,"Trek Domane SL 6 - 2018","Road Bikes","Rowlett Bikes","Kali Vargas"
1409,"Tobie Little",Victoria,TX,2018-02-26,1,289.99,"Strider Strider 20 Sport - 2018","Children Bicycles","Rowlett Bikes","Kali Vargas"
1409,"Tobie Little",Victoria,TX,2018-02-26,1,269.99,"Electra Cruiser 1 Tall - 2016/2018","Cruisers Bicycles","Rowlett Bikes","Kali Vargas"
1413,"Lolita Mosley",Houston,TX,2018-03-01,2,559.98,"Electra Under-The-Sea 1 16" - 2018","Children Bicycles","Rowlett Bikes","Kali Vargas"
1416,"Cinthia Poole","Lake Jackson",TX,2018-03-03,1,3499.99,"Trek XM700+ - 2018","Electric Bikes","Rowlett Bikes","Kali Vargas"
1416,"Cinthia Poole","Lake Jackson",TX,2018-03-03,2,1399.98,"Electra Townie Commute 8D Ladies' - 2018","Cruisers Bicycles","Rowlett Bikes","Kali Vargas"
1416,"Cinthia Poole","Lake Jackson",TX,2018-03-03,2,419.98,"Haro Shredder 20 - 2017","Children Bicycles","Rowlett Bikes","Kali Vargas"
1422,"Jonell Rivas",Amarillo,TX,2018-03-05,2,1523.98,"Sun Bicycles Brickell Tandem CB - 2017","Cruisers Bicycles","Rowlett Bikes","Kali Vargas"
1422,"Jonell Rivas",Amarillo,TX,2018-03-05,2,1839.98,"Trek Domane AL 3 Women's - 2018","Road Bikes","Rowlett Bikes","Kali Vargas"
1422,"Jonell Rivas",Amarillo,TX,2018-03-05,1,679.99,"Electra Townie Original 21D EQ Ladies' - 2018","Cruisers Bicycles","Rowlett Bikes","Kali Vargas"
1440,"Julianne Shannon","Sugar Land",TX,2018-03-15,2,1499.98,"Trek Marlin 7 - 2017/2018","Mountain Bikes","Rowlett Bikes","Kali Vargas"
1440,"Julianne Shannon","Sugar Land",TX,2018-03-15,1,416.99,"Sun Bicycles Cruz 7 - Women's - 2017","Comfort Bicycles","Rowlett Bikes","Kali Vargas"
1440,"Julianne Shannon","Sugar Land",TX,2018-03-15,1,4499.99,"Trek CrossRip+ - 2018","Electric Bikes","Rowlett Bikes","Kali Vargas"
1440,"Julianne Shannon","Sugar Land",TX,2018-03-15,2,1499.98,"Trek Domane AL 2 - 2018","Road Bikes","Rowlett Bikes","Kali Vargas"
1440,"Julianne Shannon","Sugar Land",TX,2018-03-15,2,501.98,"Sun Bicycles Revolutions 24 - Girl's - 2017","Cruisers Bicycles","Rowlett Bikes","Kali Vargas"
1441,"Orval Hunter","San Angelo",TX,2018-03-15,1,469.99,"Surly Ice Cream Truck Frameset - 2016","Mountain Bikes","Rowlett Bikes","Kali Vargas"
1441,"Orval Hunter","San Angelo",TX,2018-03-15,2,1399.98,"Electra Townie Commute 8D Ladies' - 2018","Cruisers Bicycles","Rowlett Bikes","Kali Vargas"
1441,"Orval Hunter","San Angelo",TX,2018-03-15,1,1409.99,"Haro SR 1.3 - 2017","Mountain Bikes","Rowlett Bikes","Kali Vargas"
1458,"Ping Quinn",Rowlett,TX,2018-03-20,2,639.98,"Electra Treasure 1 20" - 2018","Children Bicycles","Rowlett Bikes","Kali Vargas"
1458,"Ping Quinn",Rowlett,TX,2018-03-20,1,533.99,"Sun Bicycles Streamway 7 - 2017","Comfort Bicycles","Rowlett Bikes","Kali Vargas"
1458,"Ping Quinn",Rowlett,TX,2018-03-20,1,549.99,"Electra Townie Original 21D - 2016","Cruisers Bicycles","Rowlett Bikes","Kali Vargas"
1458,"Ping Quinn",Rowlett,TX,2018-03-20,2,1295.98,"Sun Bicycles Biscayne Tandem CB - 2017","Cruisers Bicycles","Rowlett Bikes","Kali Vargas"
1469,"Alisia Albert",Garland,TX,2018-03-27,2,1599.98,"Electra Glam Punk 3i Ladies' - 2017","Cruisers Bicycles","Rowlett Bikes","Kali Vargas"
1469,"Alisia Albert",Garland,TX,2018-03-27,2,1699.98,"Electra Relic 3i - 2018","Cruisers Bicycles","Rowlett Bikes","Kali Vargas"
1469,"Alisia Albert",Garland,TX,2018-03-27,1,2499.99,"Trek Domane SL 5 Disc - 2018","Road Bikes","Rowlett Bikes","Kali Vargas"
1469,"Alisia Albert",Garland,TX,2018-03-27,2,979.98,"Electra Townie 3i EQ (20-inch) - Boys' - 2017","Children Bicycles","Rowlett Bikes","Kali Vargas"
1493,"Bobbie Foster",Desoto,TX,2018-04-04,1,429.99,"Electra Cruiser Lux 1 Ladies' - 2018","Cruisers Bicycles","Rowlett Bikes","Kali Vargas"
1512,"Jayne Kirkland",Rowlett,TX,2018-04-09,1,909.99,"Electra Straight 8 3i - 2018","Cruisers Bicycles","Rowlett Bikes","Layla Terrell"
1515,"Elinore Aguilar","San Angelo",TX,2018-04-10,2,1999.98,"Surly Big Dummy Frameset - 2017","Mountain Bikes","Rowlett Bikes","Layla Terrell"
1515,"Elinore Aguilar","San Angelo",TX,2018-04-10,2,6999.98,"Trek Powerfly 5 Women's - 2018","Electric Bikes","Rowlett Bikes","Layla Terrell"
1515,"Elinore Aguilar","San Angelo",TX,2018-04-10,2,1799.98,"Electra Townie Commute 27D Ladies - 2018","Comfort Bicycles","Rowlett Bikes","Layla Terrell"
1515,"Elinore Aguilar","San Angelo",TX,2018-04-10,1,4999.99,"Trek Fuel EX 9.8 29 - 2017","Mountain Bikes","Rowlett Bikes","Layla Terrell"
1515,"Elinore Aguilar","San Angelo",TX,2018-04-10,2,1919.98,"Trek CrossRip 1 - 2018","Road Bikes","Rowlett Bikes","Layla Terrell"
1520,"Lorrie Becker",Garland,TX,2018-04-11,1,4499.99,"Trek CrossRip+ - 2018","Electric Bikes","Rowlett Bikes","Kali Vargas"
1520,"Lorrie Becker",Garland,TX,2018-04-11,2,6999.98,"Trek XM700+ Lowstep - 2018","Electric Bikes","Rowlett Bikes","Kali Vargas"
1520,"Lorrie Becker",Garland,TX,2018-04-11,2,1799.98,"Electra Townie Commute 27D Ladies - 2018","Comfort Bicycles","Rowlett Bikes","Kali Vargas"
1520,"Lorrie Becker",Garland,TX,2018-04-11,2,179.98,"Strider Classic 12 Balance Bike - 2018","Children Bicycles","Rowlett Bikes","Kali Vargas"
1527,"Lashawn Ortiz",Longview,TX,2018-04-12,1,469.99,"Surly Wednesday Frameset - 2017","Mountain Bikes","Rowlett Bikes","Layla Terrell"
1527,"Lashawn Ortiz",Longview,TX,2018-04-12,1,551.99,"Sun Bicycles Streamway 3 - 2017","Comfort Bicycles","Rowlett Bikes","Layla Terrell"
1527,"Lashawn Ortiz",Longview,TX,2018-04-12,2,3999.98,"Trek Emonda S 5 - 2017","Road Bikes","Rowlett Bikes","Layla Terrell"
1528,"Aleta Shepard","Sugar Land",TX,2018-04-12,2,859.98,"Electra Cruiser Lux 1 - 2016/2018","Cruisers Bicycles","Rowlett Bikes","Kali Vargas"
1529,"Cleotilde Booth","Sugar Land",TX,2018-04-12,1,299.99,"Electra Girl's Hawaii 1 (20-inch) - 2015/2016","Children Bicycles","Rowlett Bikes","Kali Vargas"
1529,"Cleotilde Booth","Sugar Land",TX,2018-04-12,2,11999.98,"Trek Silque SLR 7 Women's - 2017","Road Bikes","Rowlett Bikes","Kali Vargas"
1539,"Merlene Vinson",Euless,TX,2018-04-15,2,939.98,"Surly Ice Cream Truck Frameset - 2016","Mountain Bikes","Rowlett Bikes","Layla Terrell"
1539,"Merlene Vinson",Euless,TX,2018-04-15,2,1099.98,"Electra Townie Original 21D - 2016","Cruisers Bicycles","Rowlett Bikes","Layla Terrell"
1563,"Keri Bridges",Richardson,TX,2018-04-20,1,3499.99,"Trek XM700+ Lowstep - 2018","Electric Bikes","Rowlett Bikes","Layla Terrell"
1572,"Garry Espinoza",Forney,TX,2018-04-22,2,1799.98,"Electra Super Moto 8i - 2018","Cruisers Bicycles","Rowlett Bikes","Layla Terrell"
1572,"Garry Espinoza",Forney,TX,2018-04-22,1,2999.99,"Electra Townie Commute Go! - 2018","Electric Bikes","Rowlett Bikes","Layla Terrell"
1572,"Garry Espinoza",Forney,TX,2018-04-22,1,3199.99,"Trek Fuel EX 8 29 - 2018","Mountain Bikes","Rowlett Bikes","Layla Terrell"
1572,"Garry Espinoza",Forney,TX,2018-04-22,2,1359.98,"Electra Townie Original 21D EQ - 2017/2018","Comfort Bicycles","Rowlett Bikes","Layla Terrell"
1596,"Tobie Little",Victoria,TX,2018-04-28,1,349.99,"Trek Precaliber 24 (21-Speed) - Girls - 2017","Children Bicycles","Rowlett Bikes","Kali Vargas"
1596,"Tobie Little",Victoria,TX,2018-04-28,1,449.00,"Pure Cycles Western 3-Speed - Women's - 2015/2016","Cruisers Bicycles","Rowlett Bikes","Kali Vargas"
1597,"Lolita Mosley",Houston,TX,2018-04-28,1,3199.99,"Trek Madone 9 Frameset - 2018","Road Bikes","Rowlett Bikes","Layla Terrell"
1597,"Lolita Mosley",Houston,TX,2018-04-28,1,2599.99,"Trek Domane S 5 Disc - 2017","Road Bikes","Rowlett Bikes","Layla Terrell"
1601,"Mozelle Carter",Houston,TX,2018-04-29,2,1159.98,"Trek Marlin 6 - 2018","Mountain Bikes","Rowlett Bikes","Kali Vargas"
1601,"Mozelle Carter",Houston,TX,2018-04-29,1,1549.00,"Surly Straggler - 2016","Cyclocross Bicycles","Rowlett Bikes","Kali Vargas"
1601,"Mozelle Carter",Houston,TX,2018-04-29,2,539.98,"Electra Cruiser 1 Ladies' - 2018","Cruisers Bicycles","Rowlett Bikes","Kali Vargas"
1601,"Mozelle Carter",Houston,TX,2018-04-29,2,7999.98,"Trek Slash 8 27.5 - 2016","Mountain Bikes","Rowlett Bikes","Kali Vargas"
1601,"Mozelle Carter",Houston,TX,2018-04-29,1,919.99,"Trek Domane AL 3 Women's - 2018","Road Bikes","Rowlett Bikes","Kali Vargas"
1605,"Robena Hill","Corpus Christi",TX,2018-07-01,1,619.99,"Sun Bicycles Biscayne Tandem 7 - 2017","Cruisers Bicycles","Rowlett Bikes","Kali Vargas"
1605,"Robena Hill","Corpus Christi",TX,2018-07-01,1,4499.99,"Trek CrossRip+ - 2018","Electric Bikes","Rowlett Bikes","Kali Vargas"
1605,"Robena Hill","Corpus Christi",TX,2018-07-01,2,2999.98,"Trek Procal AL Frameset - 2018","Mountain Bikes","Rowlett Bikes","Kali Vargas"
1605,"Robena Hill","Corpus Christi",TX,2018-07-01,1,899.99,"Electra Townie Balloon 7i EQ - 2018","Comfort Bicycles","Rowlett Bikes","Kali Vargas"
1605,"Robena Hill","Corpus Christi",TX,2018-07-01,1,999.99,"Trek X-Caliber 8 - 2017","Mountain Bikes","Rowlett Bikes","Kali Vargas"
1606,"Thalia Dillard","San Angelo",TX,2018-07-10,1,659.99,"Electra Townie Original 3i EQ - 2017/2018","Cruisers Bicycles","Rowlett Bikes","Kali Vargas"
1606,"Thalia Dillard","San Angelo",TX,2018-07-10,1,209.99,"Trek Precaliber 16 Girl's - 2018","Children Bicycles","Rowlett Bikes","Kali Vargas"
1614,"Dorthey Jackson",Houston,TX,2018-11-28,1,1499.00,"Surly Krampus - 2018","Mountain Bikes","Rowlett Bikes","Kali Vargas"
1614,"Dorthey Jackson",Houston,TX,2018-11-28,2,4599.98,"Trek Emonda ALR 6 - 2018","Road Bikes","Rowlett Bikes","Kali Vargas"
1614,"Dorthey Jackson",Houston,TX,2018-11-28,2,539.98,"Electra Cruiser 1 - 2016/2017/2018","Cruisers Bicycles","Rowlett Bikes","Kali Vargas"
1615,"Sarita Parks",Forney,TX,2018-12-28,2,4599.98,"Trek Verve+ Lowstep - 2018","Electric Bikes","Rowlett Bikes","Kali Vargas"
1615,"Sarita Parks",Forney,TX,2018-12-28,1,899.99,"Electra Tiger Shark 3i - 2018","Cruisers Bicycles","Rowlett Bikes","Kali Vargas"
1615,"Sarita Parks",Forney,TX,2018-12-28,1,2499.99,"Trek Domane SL 5 Disc - 2018","Road Bikes","Rowlett Bikes","Kali Vargas"
